Device being used: cuda
{'train': 5008, 'test': 1253}
4864
start ecpoch 0 time 20:34:02.781414
[train] Epoch: 1/5 Loss: 2.3358917769532614 LR: [4.210989010989011e-06]

confusion matrix
[[  3 140   6 152  53  19  14   0  51  36]
 [  4 182   7 136  50  24  13   1  46  31]
 [  5 154   2 171  53  16  17   3  62  42]
 [  5 144   4 176  47  17  22   0  49  39]
 [  5 142   8 146  56  22  14   0  45  33]
 [  6 183   7 136  43  21  14   2  69  40]
 [  6 161   9 156  39  16  30   2  64  30]
 [  3 168   4 165  58  27  23   2  60  41]
 [  3 152   5 150  46  15  14   2  68  33]
 [  5 125   5 119  53  20  19   3  73  46]]

accuracy	0.11701277955271565
[test] Epoch: 1/5 Loss: 2.319798748871848 LR: [4.210989010989011e-06]

confusion matrix
[[ 0 25  1  6 12 11  5  7 17 20]
 [ 0 40  1  1  8 19  9  9 13 30]
 [ 0 37  0  3 16 16 13  2 17 30]
 [ 0 40  3  6 17 17  8 10 11 37]
 [ 0 23  1  2 20 13  5 10 18 23]
 [ 0 28  0  2 16 22  8  5 16 24]
 [ 0 33  0  5 17 22 14  7 18 23]
 [ 0 39  0  3 20 21  3 11 16 26]
 [ 0 29  0  4  8 15  7  8 13 26]
 [ 0 27  1  2 14 22  8  7 10 21]]

accuracy	0.11731843575418995
start ecpoch 1 time 20:34:59.101927
[train] Epoch: 2/5 Loss: 2.281176434538235 LR: [4.4219780219780215e-06]

confusion matrix
[[ 45 152   1 108  65  30  12   0  36  25]
 [ 16 218   5 133  59  11   9   1  19  23]
 [ 24 169   6 156  75  16  18   3  36  22]
 [  9 156   4 199  43  12  20   3  31  26]
 [ 20 133   6 130 101  14  12   0  34  21]
 [ 21 166   7 135  62  46  24   0  27  33]
 [ 18 177   5 140  58  20  36   2  40  17]
 [ 19 158   1 151  87  34  19   2  48  32]
 [ 21 162   3 126  41  17  19   2  68  29]
 [ 19 136   0 137  53  33  12   1  46  31]]

accuracy	0.1501597444089457
[test] Epoch: 2/5 Loss: 2.3847156446263584 LR: [4.4219780219780215e-06]

confusion matrix
[[ 0 28  1 27 45  3  0  0  0  0]
 [ 0 38  3 39 47  3  0  0  0  0]
 [ 0 35  6 25 64  4  0  0  0  0]
 [ 0 30  2 45 70  2  0  0  0  0]
 [ 0 31  1 23 57  2  0  0  1  0]
 [ 0 21  1 23 67  9  0  0  0  0]
 [ 0 38  2 36 54  9  0  0  0  0]
 [ 0 33  1 34 68  3  0  0  0  0]
 [ 0 24  1 32 46  7  0  0  0  0]
 [ 0 22  0 29 51 10  0  0  0  0]]

accuracy	0.12370311252992817
start ecpoch 2 time 20:35:55.109695
[train] Epoch: 3/5 Loss: 2.247980411060321 LR: [4.632967032967033e-06]

confusion matrix
[[ 41 131   5 125  69  33  13   0  34  23]
 [  8 213   4 130  43  19  11   0  40  26]
 [ 14 138  10 169  77  28  26   4  41  18]
 [  7 132   5 213  43  23  26   5  32  17]
 [ 14 113   3 120 109  31  21   0  42  18]
 [ 17 133   2 111  69  94  17   2  46  30]
 [  6 162  12 145  49  33  39   3  49  15]
 [ 19 152   6 134  87  47  17   8  59  22]
 [  9 150   2 125  42  21  11   4  95  29]
 [ 10 120   4 137  49  38  13   1  47  49]]

accuracy	0.1739217252396166
[test] Epoch: 3/5 Loss: 2.44580151305994 LR: [4.632967032967033e-06]

confusion matrix
[[ 0  0  0 49  7  3  0  0 45  0]
 [ 0  2  0 58  2  5  0  0 63  0]
 [ 0  0  0 67  1  0  0  0 66  0]
 [ 1  0  0 85  3  8  0  0 52  0]
 [ 0  0  0 54  5  4  0  0 52  0]
 [ 0  0  0 57  1  8  0  0 55  0]
 [ 0  0  0 58  1  8  0  0 71  1]
 [ 0  0  0 66  2  5  0  0 66  0]
 [ 0  0  0 54  1  2  0  0 53  0]
 [ 0  0  0 48  5  6  0  0 53  0]]

accuracy	0.12210694333599362
start ecpoch 3 time 20:36:51.235702
[train] Epoch: 4/5 Loss: 2.2093614438852183 LR: [4.843956043956044e-06]

confusion matrix
[[ 66 114  12 105  63  41  18   3  25  27]
 [ 14 228   7 117  26  36  13   3  33  17]
 [ 20 139  23 138  61  33  31   6  41  33]
 [ 11 100   6 237  45  24  23   0  38  19]
 [ 14  96  12 113 127  29  16   0  37  27]
 [ 24 121   4  94  60 113  28   1  45  31]
 [  9 132  15 143  46  31  58   5  48  26]
 [ 25 136   9 119  85  59  27   9  62  20]
 [  8 116   7 147  51  24  14   2  91  28]
 [ 14 105  11 107  54  57  12   1  43  64]]

accuracy	0.20287539936102236
[test] Epoch: 4/5 Loss: 2.346815101641802 LR: [4.843956043956044e-06]

confusion matrix
[[ 1  6  3 32  1 28  7  0 24  2]
 [ 0 10  1 55  2 33  6  0 20  3]
 [ 0  7  0 59  2 29  7  0 27  3]
 [ 1  3  0 86  3 22  9  1 20  4]
 [ 0  4  0 50  2 26  9  0 23  1]
 [ 0  2  0 45  9 39  3  0 20  3]
 [ 0 10  0 66  3 28  6  0 24  2]
 [ 0  3  0 59  7 34  3  0 29  4]
 [ 0  8  1 61  4 15  2  0 16  3]
 [ 0  4  1 44  4 34  6  0 18  1]]

accuracy	0.12849162011173185
start ecpoch 4 time 20:37:47.919726
[train] Epoch: 5/5 Loss: 2.1876827044228015 LR: [5.054945054945055e-06]

confusion matrix
[[ 71  95   8  97  56  38  26   4  45  34]
 [  7 225  11 100  43  35  12   5  32  24]
 [ 18 126  23 133  75  41  29  10  44  26]
 [ 12 105   6 231  47  32  19   0  30  21]
 [ 22  86   6  84 142  40  10   3  48  30]
 [ 31 105   1  78  70 121  25   4  54  32]
 [ 16 133  14 128  49  37  65   6  44  21]
 [ 18 117  12 115  88  65  18  22  64  32]
 [ 19 107   7 118  40  36  12  11 105  33]
 [ 14  98   3 102  51  64  22   6  38  70]]

accuracy	0.21465654952076677
[test] Epoch: 5/5 Loss: 2.3608261475254797 LR: [5.054945054945055e-06]

confusion matrix
[[ 0 28 40  6  1  3 26  0  0  0]
 [ 0 48 45  6  4  3 24  0  0  0]
 [ 0 41 35  8  1 12 37  0  0  0]
 [ 0 38 62  9  0  6 34  0  0  0]
 [ 0 34 37  9  7  5 21  0  2  0]
 [ 0 33 46  4  5 10 23  0  0  0]
 [ 0 41 51  5  4  4 34  0  0  0]
 [ 0 36 60  5  6  7 25  0  0  0]
 [ 0 32 43 10  2  2 20  0  0  1]
 [ 0 38 35  4  6  4 25  0  0  0]]

accuracy	0.11412609736632083
