Device being used: cuda
{'train': 5008, 'test': 1253}
4864
start ecpoch 0 time 19:28:30.614017
[train] Epoch: 1/5 Loss: 2.3230114965774 LR: [4.210989010989011e-05]

confusion matrix
[[ 46  23  42  23 233  26  21  22  21   2]
 [ 24  21  46  44 265  13  21  18  21   5]
 [ 35  16  57  37 265  15  34  26  38   2]
 [ 12  29  42  53 269  22  40  22  25   9]
 [ 36   9  38  34 239  21  36  22  24   4]
 [ 34  19  49  42 257  37  29  14  24   6]
 [ 27  16  50  40 278  21  43  26  25   7]
 [ 28  23  47  53 282  25  31  35  33   5]
 [ 33  12  54  52 252  14  17  22  21   8]
 [ 20  17  46  37 238  24  31  21  30   5]]

accuracy	0.1112220447284345
[test] Epoch: 1/5 Loss: 2.32007529501523 LR: [4.210989010989011e-05]

confusion matrix
[[19 30  0 41  0  3 10  0  0 16]
 [14 24  1 80  0  1 12  0  0 14]
 [16 31  0 55  0  2 13  1  1 15]
 [13 19  0 71  0  0 13  0  0 13]
 [23 23  0 52  0  0  8  0  0 17]
 [23 24  0 53  1  2  5  0  0 23]
 [10 25  0 55  0  0  7  2  0 20]
 [24 31  1 48  0  0 11  2  0 11]
 [12 34  0 36  0  1  8  2  2 18]
 [15 19  0 49  0  3  8  2  0 15]]

accuracy	0.11332801276935354
start ecpoch 1 time 19:29:26.707718
[train] Epoch: 2/5 Loss: 2.265924056117146 LR: [4.421978021978023e-05]

confusion matrix
[[ 57  32  58  55 151  30  17  20  26  13]
 [ 29  51  49  66 160  26  16  26  41  14]
 [ 28  41  95  65 157  32  32  31  31  13]
 [ 18  35  65 119 169  40  28  20  22   7]
 [ 25  22  42  48 206  39  16  27  26  12]
 [ 35  35  47  53 170  60  23  19  43  26]
 [ 17  35  78  70 179  34  43  31  36  10]
 [ 29  29  69  80 190  29  26  56  35  19]
 [ 20  34  66  66 158  30  18  29  47  17]
 [ 23  30  64  64 142  41  22  28  37  18]]

accuracy	0.1501597444089457
[test] Epoch: 2/5 Loss: 2.314449120405095 LR: [4.421978021978023e-05]

confusion matrix
[[36  4  0 13 10  9  0 15 16 16]
 [17 16  0 37 10  4  1 22 26 13]
 [18  5  1 19 12  5  3 23 30 18]
 [17 12  1 29 12  4  1 15 21 17]
 [21  8  1 13 14  8  2 18 18 20]
 [29  8  0 17  9  9  2 18 14 25]
 [16  5  1 25  7  1  1 17 21 25]
 [24  9  0 19 10  6  2 27 15 16]
 [13  5  1 23  7  5  1 31 10 17]
 [20  8  1 17  5  9  1 13 19 18]]

accuracy	0.12849162011173185
start ecpoch 2 time 19:30:22.092768
[train] Epoch: 3/5 Loss: 2.2335941509697763 LR: [4.6329670329670335e-05]

confusion matrix
[[ 84  39  53  65 101  43  17  28  15  14]
 [ 31  66  54  82  86  33  27  36  28  35]
 [ 46  33 106  67 107  44  35  42  26  19]
 [ 28  39  71 118  99  41  39  38  24  26]
 [ 42  20  47  59 166  36  28  25  24  16]
 [ 54  39  43  51 126  83  28  41  20  26]
 [ 41  38  74  94  95  42  56  38  36  19]
 [ 50  40  54  77 125  41  30  90  35  20]
 [ 43  35  52  78  98  34  27  35  59  24]
 [ 39  32  53  45 101  62  35  42  22  38]]

accuracy	0.17292332268370608
[test] Epoch: 3/5 Loss: 2.4423481388655266 LR: [4.6329670329670335e-05]

confusion matrix
[[ 0  0  0  0 47 55  3  8  0  6]
 [ 0  0  0  0 82 29  8  7  0 20]
 [ 0  0  0  0 69 44  6  6  0  9]
 [ 0  0  0  0 66 32  7 14  0 10]
 [ 0  0  0  0 59 39  8 12  0  5]
 [ 0  0  0  0 54 54  2 13  0  8]
 [ 0  0  0  0 57 37  8  8  0  9]
 [ 0  0  0  0 55 46  2 16  0  9]
 [ 0  0  0  0 63 30  3 12  0  5]
 [ 0  0  0  0 60 35  4  9  0  3]]

accuracy	0.11173184357541899
start ecpoch 3 time 19:31:18.001126
[train] Epoch: 4/5 Loss: 2.198719378096608 LR: [4.843956043956044e-05]

confusion matrix
[[106  36  40  55  71  47  22  35  31  16]
 [ 32  73  51  70  62  43  48  48  35  16]
 [ 39  41  79  73  80  46  57  48  46  16]
 [ 35  42  49 128  58  48  66  40  44  13]
 [ 44  22  32  49 138  57  35  41  31  14]
 [ 58  35  38  50  61 113  50  41  38  27]
 [ 34  44  43  63  64  49 112  56  55  13]
 [ 48  38  37  70  73  56  55 120  45  20]
 [ 46  28  32  70  56  37  51  51  99  15]
 [ 37  37  37  53  73  52  38  52  50  40]]

accuracy	0.2012779552715655
[test] Epoch: 4/5 Loss: 2.490953859289646 LR: [4.843956043956044e-05]

confusion matrix
[[ 0  0  0  0 69  0 21 28  0  1]
 [ 0  0  0  0 87  0 32 17  0 10]
 [ 0  0  0  0 75  0 30 18  0 11]
 [ 0  0  0  0 73  0 34 12  0 10]
 [ 0  1  0  0 80  0 20 14  0  8]
 [ 0  0  0  0 83  0 20 21  1  6]
 [ 0  1  0  0 57  0 34 15  0 12]
 [ 0  0  0  0 71  1 21 29  1  5]
 [ 0  0  0  0 56  0 27 27  0  3]
 [ 0  0  0  0 71  0 23 13  0  4]]

accuracy	0.11731843575418995
start ecpoch 4 time 19:32:13.386870
[train] Epoch: 5/5 Loss: 2.170319376281275 LR: [5.054945054945055e-05]

confusion matrix
[[113  41  34  45  62  53  28  43  21  19]
 [ 35  94  40  63  29  38  46  75  32  26]
 [ 46  39  87  73  49  50  73  68  27  13]
 [ 24  51  43 144  43  48  61  47  36  26]
 [ 46  19  38  58 118  40  41  49  34  20]
 [ 46  37  40  51  38 139  50  44  34  32]
 [ 35  59  52  62  46  35 126  71  29  18]
 [ 46  48  29  64  55  53  46 174  25  22]
 [ 44  37  51  74  48  32  57  56  58  28]
 [ 44  31  41  53  45  69  36  58  29  63]]

accuracy	0.22284345047923323
[test] Epoch: 5/5 Loss: 2.4235315022236428 LR: [5.054945054945055e-05]

confusion matrix
[[26  1 21  1  0 63  0  1  0  6]
 [14  0 38  0  0 85  0  0  0  9]
 [11  0 31  0  0 83  0  0  1  8]
 [ 7  0 34  1  0 75  0  8  0  4]
 [13  1 22  0  0 75  0  4  1  7]
 [16  0 13  0  0 97  0  1  0  4]
 [11  0 18  0  0 81  0  2  1  6]
 [16  0 21  0  0 83  0  2  0  6]
 [16  0 29  0  0 59  0  0  0  9]
 [ 7  0 24  0  0 72  0  1  0  7]]

accuracy	0.13088587390263368
