Device being used: cuda
{'train': 5008, 'test': 1253}
4864
start ecpoch 0 time 20:01:48.683121
[train] Epoch: 1/5 Loss: 2.33211527769558 LR: [2.1054945054945056e-05]

confusion matrix
[[ 17 127   6 133  52  23  11   5  59  20]
 [ 22 189   6 136  47  17  10  12  42  24]
 [ 16 144   8 175  58  17  20   7  55  24]
 [ 13 182   9 178  45  15  14   7  30  25]
 [ 17 126   8 147  66  18  16   6  43  22]
 [  7 170  13 163  63  18  22   9  36  28]
 [ 12 168   6 156  53  21  18   7  40  33]
 [ 18 166  12 180  55  22  16   6  53  29]
 [ 14 148   6 143  45  18  16   6  51  42]
 [ 14 134   8 151  47  11   9   9  46  21]]

accuracy	0.11421725239616613
[test] Epoch: 1/5 Loss: 2.3436693465909477 LR: [2.1054945054945056e-05]

confusion matrix
[[28  5  2  5 53  0  1  3  0 28]
 [19 11  2 12 37  0  0  2  1 35]
 [19  6  3 13 54  0  3  5  1 31]
 [13 11  2  8 53  0  1  1  2 43]
 [11 13  3 10 60  1  1  0  2 16]
 [22  5  1  4 55  0  0  0  6 20]
 [11  9  3 16 61  0  2  2  4 30]
 [27  7  1  7 54  0  0  0  3 34]
 [22 16  0  6 37  0  1  2  5 20]
 [22 10  1  5 51  0  0  6  3 32]]

accuracy	0.1189146049481245
start ecpoch 1 time 20:02:45.439146
[train] Epoch: 2/5 Loss: 2.2754187835291173 LR: [2.2109890109890113e-05]

confusion matrix
[[ 50 119  23 133  43  26  14   3  35   7]
 [ 18 203  11 136  51  13  20   2  38  13]
 [ 29 137  29 157  60  19  27   7  47  12]
 [ 23 130  10 223  40  30  20   2  29  11]
 [ 23 120  12 116  93  31  13   5  47   9]
 [ 31 156  15 125  57  58  25   6  42  14]
 [ 26 150  22 135  57  34  26   3  49  12]
 [ 34 179  17 139  61  29  24  13  47  14]
 [ 30 125  13 144  43  22  19   7  71  15]
 [ 22 109  11 154  47  38  10   3  40  16]]

accuracy	0.15615015974440893
[test] Epoch: 2/5 Loss: 2.412048099522389 LR: [2.2109890109890113e-05]

confusion matrix
[[20  7  0 18  3 18  5  0 17 37]
 [11  9  7 15  5 11  8  0 22 31]
 [ 6  4  8 21  9 20  7  0 30 30]
 [ 4 12  3 30  2 16  7  0 25 35]
 [ 7  6  0 12  5 19 12  0 27 29]
 [15  2  1 20  2 26  6  0 23 18]
 [ 5 11  4 21  2 22 12  0 21 40]
 [16  7  5 16  6 21 10  0 23 29]
 [11  2  5 19  7  9  7  0 26 23]
 [12  6  1 13  6 19  5  0 32 36]]

accuracy	0.1372705506783719
start ecpoch 2 time 20:03:41.612927
[train] Epoch: 3/5 Loss: 2.2339746559770726 LR: [2.3164835164835167e-05]

confusion matrix
[[ 64 106  23 113  52  48   8   1  22  16]
 [ 25 199  20 108  53  43  11   6  29  11]
 [ 34 115  54 138  42  51  21  10  43  16]
 [ 21 114  15 216  39  37  25   5  30  16]
 [ 23  89  24 112 112  51  12   3  31  12]
 [ 30 120  11 106  56 113  22   8  45  18]
 [ 28 138  35 131  46  52  32   3  40   9]
 [ 34 127  34 118  76  67  16  15  53  17]
 [ 30  98  24 132  51  40  19   4  75  16]
 [ 29  96  15 107  41  69  15   7  43  28]]

accuracy	0.18130990415335463
[test] Epoch: 3/5 Loss: 2.3918987334678388 LR: [2.3164835164835167e-05]

confusion matrix
[[ 18  92   8   1   0   3   0   2   0   1]
 [  6 101   7   0   0   0   0   3   0   2]
 [  5 111   8   0   0   6   0   3   0   2]
 [  0 118  11   0   1   1   0   3   0   0]
 [  4 101   7   0   0   5   0   0   0   0]
 [  1 105   2   0   0   3   0   1   0   1]
 [  3 112   8   0   0   9   0   2   0   4]
 [  2  99  14   0   2   3   0  11   0   2]
 [  2  97   1   0   0   2   0   6   0   1]
 [  5 111   3   0   0   6   0   4   0   1]]

accuracy	0.11332801276935354
start ecpoch 3 time 20:04:37.449134
[train] Epoch: 4/5 Loss: 2.2025413958790203 LR: [2.421978021978022e-05]

confusion matrix
[[ 73  87  18  89  52  56  20   6  36  16]
 [ 22 169  19 104  52  47  26   9  33  24]
 [ 37  87  55 125  61  54  17  25  54   9]
 [ 17  87  17 201  47  53  28  13  39  16]
 [ 32  64  19  82 127  61  20  10  39  15]
 [ 35 107  22  77  51 144  21  12  37  23]
 [ 31 111  45 102  51  56  47  12  41  18]
 [ 33 105  34 101  75  69  27  48  47  18]
 [ 31  88  34 114  47  61  12  20  72  10]
 [ 31  72  13  93  56  83  15  15  35  37]]

accuracy	0.19428913738019168
[test] Epoch: 4/5 Loss: 2.415371425039561 LR: [2.421978021978022e-05]

confusion matrix
[[  0  87   0  18   0   1   7   0  11   1]
 [  0  94   0   8   0   0   6   0  10   1]
 [  0 107   0   7   0   0  14   0   7   0]
 [  0 101   0  14   0   1  10   0   7   1]
 [  0  92   0   6   0   1  14   0   4   0]
 [  0  97   0   2   0   2   3   0   9   0]
 [  0 108   0   8   0   1  18   0   3   0]
 [  0 106   0  10   0   0   9   0   8   0]
 [  0  93   0   5   0   0   4   0   7   0]
 [  0 103   0   9   0   1   8   0   7   2]]

accuracy	0.10933758978451716
start ecpoch 4 time 20:05:33.579278
[train] Epoch: 5/5 Loss: 2.1753402556093357 LR: [2.5274725274725276e-05]

confusion matrix
[[ 85  53  18  96  52  62  34  10  36   7]
 [ 16 159  22 101  49  46  37  12  42  21]
 [ 33  92  57 113  58  55  51  20  31  14]
 [ 17  55  22 230  52  46  42  10  32  12]
 [ 25  63  16  80 137  59  26  24  25  14]
 [ 33  77  13  72  70 163  33  16  29  23]
 [ 19  95  31 110  61  54  79  17  34  14]
 [ 22  95  27 118  74  68  41  59  38  15]
 [ 24  79  24 112  51  62  27  17  78  15]
 [ 20  60  19 113  48  74  22  16  36  42]]

accuracy	0.21745207667731628
[test] Epoch: 5/5 Loss: 2.730098168752903 LR: [2.5274725274725276e-05]

confusion matrix
[[  0   0   0   0 119   0   0   0   0   6]
 [  0   0   0   0 116   0   0   0   0   3]
 [  0   0   0   0 124   0   0   0   0  11]
 [  0   0   0   0 127   0   0   0   0   7]
 [  0   0   0   0 111   0   0   0   0   6]
 [  0   0   0   0 111   0   0   0   0   2]
 [  0   0   0   0 128   0   0   0   0  10]
 [  0   0   0   0 129   0   0   0   0   4]
 [  0   0   0   0 107   0   0   0   0   2]
 [  0   1   0   0 119   0   0   0   0  10]]

accuracy	0.0965682362330407
