Device being used: cuda
{'train': 5008, 'test': 1253}
4864
start ecpoch 0 time 21:06:11.958535
[train] Epoch: 1/5 Loss: 2.320226061458405 LR: [0.00042109890109890113]

confusion matrix
[[ 25  50  51 115  26  50  30  51  32  33]
 [ 17  82  44 145  33  59  24  48  20  22]
 [ 26  75  52 166  35  41  23  57  31  38]
 [ 10  87  50 174  33  66  19  43  11  33]
 [ 14  62  47 113  31  57  28  52  18  36]
 [ 18  79  48 148  27  59  32  49  23  31]
 [ 10  67  59 152  41  55  31  47  28  30]
 [ 17  86  57 169  35  47  19  55  34  37]
 [ 28  73  34 146  20  48  31  44  32  23]
 [ 12  57  41 136  24  54  35  39  27  29]]

accuracy	0.11381789137380191
[test] Epoch: 1/5 Loss: 2.3145205323827427 LR: [0.00042109890109890113]

confusion matrix
[[32 13  5 20  0  3  2  6  3 31]
 [22 13  9 28  0  6  1  8  4 39]
 [31  3 10 18  0  3  5  7  3 35]
 [24  7 13 28  0  3 10  7  1 33]
 [34  4  8 24  4  2  8 10  2 32]
 [33  5 11 26  3  1  3  4  3 39]
 [29  7  7 25  0  3 11  5  5 40]
 [33 10  9 32  1  0  1  6  2 40]
 [36 10 12 16  2  3  6  6  2 26]
 [37  4  7 25  1  8  4 10  2 28]]

accuracy	0.1077414205905826
start ecpoch 1 time 21:07:08.564761
[train] Epoch: 2/5 Loss: 2.282278291714458 LR: [0.00044219780219780224]

confusion matrix
[[ 40  55  29  83  17  65  36  74  38  26]
 [ 29  96  33  96  17  56  45  68  37  17]
 [ 47  75  43 103  15  63  74  69  39  16]
 [ 17  79  33 143  11  62  57  63  36  25]
 [ 26  55  22  81  21  60  54  79  36  24]
 [ 45  66  24  97   7  98  58  53  40  26]
 [ 29  61  40 112  18  59  75  68  37  21]
 [ 31  84  22 107  16  65  64 102  46  19]
 [ 32  76  24  79   7  54  62  81  49  15]
 [ 31  42  28 106  12  73  56  61  26  19]]

accuracy	0.1369808306709265
[test] Epoch: 2/5 Loss: 2.322150708005986 LR: [0.00044219780219780224]

confusion matrix
[[19  5 17 40  0  6  4 14 10  0]
 [13  3 14 72  0  7  7  5  9  0]
 [13  4 15 52  0  6  7  5 13  0]
 [10  5 26 51  0  4 11  9 10  0]
 [11  7 22 44  0 11 13 10  9  1]
 [11  7 16 44  0 13 20  9  7  1]
 [11  9 26 42  0  6 13 13 12  0]
 [20  6 15 50  0 11 13 10  8  1]
 [17  0  9 50  0  4 20  8 10  1]
 [14  4 16 50  0  9 12  9 12  0]]

accuracy	0.10694333599361533
start ecpoch 2 time 21:08:05.674394
[train] Epoch: 3/5 Loss: 2.269090066702602 LR: [0.0004632967032967033]

confusion matrix
[[ 67  39  47  74  27  61  38  76  25   9]
 [ 39  49  44 117  27  45  61  71  34   7]
 [ 47  47  80  99  23  44  66  85  41  12]
 [ 27  40  60 152  19  47  64  82  25  10]
 [ 34  32  57  77  29  55  47  92  27   8]
 [ 49  41  46  91  23  87  64  63  35  15]
 [ 38  36  61  98  22  50  93  70  39  13]
 [ 54  45  60  99  29  55  55 106  44   9]
 [ 49  33  51  98  17  43  58  72  42  16]
 [ 30  31  44  95  18  64  56  78  28  10]]

accuracy	0.14277156549520767
[test] Epoch: 3/5 Loss: 2.313668213552793 LR: [0.0004632967032967033]

confusion matrix
[[33  2 24 13  2 19  2  1 18  1]
 [22  1 42 18  2  7  3  0 34  1]
 [21  2 26  5  4 13  1  0 42  1]
 [18  1 47 16  1  6  2  2 29  4]
 [20  1 38 10  7 10  1  0 38  3]
 [28  0 44  4  0 13  1  0 37  1]
 [18  1 42 13  6  9  6  0 35  2]
 [34  0 40 11  4  8  1  0 35  1]
 [23  0 35  9  0  7  1  0 43  1]
 [24  0 29 12  4  8  0  2 42  5]]

accuracy	0.11971268954509177
start ecpoch 3 time 21:09:02.308245
[train] Epoch: 4/5 Loss: 2.251196903923449 LR: [0.0004843956043956044]

confusion matrix
[[ 70  56  46  90  39  56  33  46  16  11]
 [ 28  80  43  99  38  46  47  68  28  17]
 [ 41  69  80  85  53  52  69  61  20  14]
 [ 19  75  43 156  54  50  46  55  19   9]
 [ 39  48  40  64  67  56  48  68  19   9]
 [ 50  58  34  74  49  95  48  62  33  11]
 [ 18  65  60  98  43  56  77  63  26  14]
 [ 39  58  62  72  62  68  30 126  27  12]
 [ 39  68  62  82  35  52  36  60  39   6]
 [ 33  55  29  83  47  77  38  60  15  17]]

accuracy	0.16114217252396165
[test] Epoch: 4/5 Loss: 2.3272404586992925 LR: [0.0004843956043956044]

confusion matrix
[[29 22  8  1  3 14  7 31  0  0]
 [16 40 13  3  5  9  9 35  0  0]
 [17 26  6  4 11 10 11 30  0  0]
 [19 23  6  6  3 14 13 42  0  0]
 [21 26  7  4  6 16 12 36  0  0]
 [24 16  7  2  9 16  8 46  0  0]
 [ 8 27  6  6  5 16 18 46  0  0]
 [21 20  6  4 10  5 13 55  0  0]
 [18 29  8  2  2 12  7 41  0  0]
 [19 28  4  3 10 14 10 38  0  0]]

accuracy	0.14046288906624102
start ecpoch 4 time 21:09:59.732356
[train] Epoch: 5/5 Loss: 2.22773643385488 LR: [0.0005054945054945055]

confusion matrix
[[ 70  44  32  69  41  66  41  57  31  12]
 [ 30  95  22  86  35  43  60  45  57  21]
 [ 38  60  60  86  39  60  83  57  49  12]
 [ 22  57  32 147  44  62  58  51  41  12]
 [ 28  49  33  53  77  67  42  65  34  10]
 [ 41  48  31  63  34 125  60  47  45  20]
 [ 19  69  42  86  32  70 101  57  29  15]
 [ 29  69  33  65  42  63  68 111  52  24]
 [ 29  53  40  67  32  45  55  57  94   7]
 [ 32  45  33  73  31  81  44  48  38  29]]

accuracy	0.18150958466453673
[test] Epoch: 5/5 Loss: 2.32504879714771 LR: [0.0005054945054945055]

confusion matrix
[[ 0 34  0  2 27 34  0 12  0  6]
 [ 0 55  0  4 11 34  0 13  5  8]
 [ 0 26  0  2 27 37  0 10  5  8]
 [ 0 34  0  7 24 39  0 14  2  6]
 [ 0 22  0  3 31 50  0 10  1 11]
 [ 1 22  0  7 31 49  0 10  1  7]
 [ 0 28  0  3 32 45  0 10  2 12]
 [ 0 33  0  2 28 51  0 13  2  5]
 [ 0 35  0  4 20 49  0  7  3  1]
 [ 0 34  0  4 24 51  0  6  1  6]]

accuracy	0.13088587390263368
