Device being used: cuda
{'train': 4864, 'test': 1216}
4864
start ecpoch 0 time 02:45:33.653567
[train] Epoch: 1/5 Loss: 2.311388837663751 LR: [2.1054945054945056e-05]

confusion matrix
[[ 14   5 241  10  47  27   2  57  21  30]
 [  7   4 241  12  58  20   3  64  39  23]
 [  7   7 283  12  55  18   5  63  32  37]
 [  5   5 295  11  46  22   3  72  23  29]
 [  4   5 256   8  58  15   2  66  22  26]
 [  4   2 277   5  64  10   4  77  23  29]
 [ 10   5 276  11  44  14   6  80  29  26]
 [  7   7 286  11  66  22   1  77  24  47]
 [  5   4 252   6  57  15   1  79  23  30]
 [  5   5 243   6  43  22   2  60  16  29]]

accuracy	0.10587993421052631
