Device being used: cuda
{'train': 4864, 'test': 1216}
4864
start ecpoch 0 time 23:48:06.650283
[train] Epoch: 1/5 Loss: 2.305589481403953 LR: [4.210989010989011e-05]

confusion matrix
[[ 64  75   7  98  62  49  41  14  22   1]
 [ 29  72  16 137  71  62  42  21  24   3]
 [ 32  65  14 134  86  69  65  16  23   2]
 [ 29  79  13 151  86  64  54  13  12   4]
 [ 21  55   9 129  85  52  44  14  17   5]
 [ 39  61  17 132  77  77  57  20  26   7]
 [ 39  70  24 128  81  61  71  15  25   3]
 [ 43  76  11 136 100  67  68  21  32   4]
 [ 36  70  14  96  67  63  66  15  37   3]
 [ 21  60  12 117  90  53  60  17  26   1]]

accuracy	0.12191611842105263
[test] Epoch: 1/5 Loss: 2.3140411282840527 LR: [4.210989010989011e-05]

confusion matrix
[[ 7 10 15 12 26 34 16  1  7  1]
 [ 3 19 13  8 33 25 18  1  5  2]
 [ 1 16 24 12 32 16 25  0  9  0]
 [ 0 16 21 19 17 27 25  3  3  2]
 [ 1 13 18 15 32 14 23  3  7  1]
 [ 1 14 12  9 26 17 24  2  3  5]
 [ 1  9 10 10 23 29 30  3  9  1]
 [ 0  8 16  9 30 17 23  1  7  3]
 [ 0 10 16  9 32 24 13  2  6  3]
 [ 0  8 11 13 20 18 19  3  5  1]]

accuracy	0.12828947368421054
start ecpoch 1 time 00:05:49.513814
[train] Epoch: 2/5 Loss: 2.2778712816928564 LR: [4.421978021978023e-05]

confusion matrix
[[ 67  64  16  65  45  58  56  29  23  10]
 [ 26  92  22  78  55  68  58  34  35   9]
 [ 34  63  22  90  60  70  91  32  33  11]
 [ 19  76  28 119  58  65  85  21  20  14]
 [ 21  56  18  76  82  54  63  23  26  12]
 [ 32  70  28  72  51  91  88  34  32  15]
 [ 25  71  28  66  57  62 131  34  32  11]
 [ 44  86  12  96  73  65  86  40  42  14]
 [ 21  61  22  69  46  53  76  35  66  18]
 [ 29  57  21  81  66  58  70  35  25  15]]

accuracy	0.14905427631578946
[test] Epoch: 2/5 Loss: 2.295875731267427 LR: [4.421978021978023e-05]

confusion matrix
[[20  5  6 30 17 13 25  6  6  1]
 [ 5  7 12 28 14 14 30  7  8  2]
 [14  5 11 38 13 11 29  4  9  1]
 [ 7  4 13 36 12 13 27 11 10  0]
 [ 5  5  6 39 16  9 37  2  8  0]
 [ 6  3 11 29 16 11 31  2  4  0]
 [ 9  3  8 23 10 17 39  6 10  0]
 [ 8  4  9 29  9 10 25  8 10  2]
 [ 3  3  5 31 13 11 28  6 15  0]
 [ 1  1 11 30 16 11 18  6  2  2]]

accuracy	0.1356907894736842
start ecpoch 2 time 00:23:27.131163
[train] Epoch: 3/5 Loss: 2.265048408194592 LR: [4.6329670329670335e-05]

confusion matrix
[[ 80  33  22  77  31  55  61  54  14   6]
 [ 32  43  31  83  49  56  70  79  27   7]
 [ 33  35  38  90  60  55 102  48  36   9]
 [ 26  49  34 121  55  59  81  59  12   9]
 [ 29  29  15  83  89  54  59  52  12   9]
 [ 43  42  32  76  53  87  83  74  12  11]
 [ 38  40  27  82  53  58 128  50  24  17]
 [ 41  50  34 105  58  59  73  98  33   7]
 [ 38  41  20  60  66  51  74  64  48   5]
 [ 21  40  30  86  58  53  83  54  19  13]]

accuracy	0.15316611842105263
[test] Epoch: 3/5 Loss: 2.3034510173295675 LR: [4.6329670329670335e-05]

confusion matrix
[[31  5  3 36 10 16  8 10  2  8]
 [11 10  3 43  3 19 11 15  5  7]
 [28  7  6 37  5 13 16 10  2 11]
 [19 10  5 51  3 15 16  8  3  3]
 [15 11  9 35 10 11 16 13  4  3]
 [16  7  5 31  5 16 15 10  3  5]
 [20 11  7 28  3 14 18 14  3  7]
 [21  7  5 32  4  8 11 18  1  7]
 [14  9  6 33  6 14 11 14  2  6]
 [11  6  4 36  4  8 11 12  0  6]]

accuracy	0.13815789473684212
start ecpoch 3 time 00:41:21.471670
[train] Epoch: 4/5 Loss: 2.2520575123397926 LR: [4.843956043956044e-05]

confusion matrix
[[ 88  32  14  80  17  72  61  43  10  16]
 [ 40  50  29  96  28  55  69  52  40  18]
 [ 34  48  39  85  33  70 104  39  36  18]
 [ 31  44  19 122  31  81  88  47  18  24]
 [ 35  27  20  76  60  55  62  59  21  16]
 [ 36  49  26  81  33 111  86  42  30  19]
 [ 46  38  20  64  32  72 141  44  38  22]
 [ 48  52  21  98  32  79  78  81  48  21]
 [ 32  42  31  72  26  52  70  54  69  19]
 [ 39  39  33  81  38  67  63  48  22  27]]

accuracy	0.16200657894736842
[test] Epoch: 4/5 Loss: 2.303589758120085 LR: [4.843956043956044e-05]

confusion matrix
[[23  5  6  9 14  4 35 24  2  7]
 [ 9  8 13  8 10  4 35 26  8  6]
 [15  5 11 13 13  5 39 20  5  9]
 [ 8 12 15 15 12  7 33 24  4  3]
 [ 6 10 12 12 18  3 37 19  5  5]
 [11  8 12 10 16  9 27 14  4  2]
 [ 9  6  9 13 13  4 35 25  7  4]
 [ 8  5 16  8  9  2 36 21  8  1]
 [ 4 10  8 10 12  6 33 20  9  3]
 [ 1  4 13  6 14  3 31 17  2  7]]

accuracy	0.12828947368421054
start ecpoch 4 time 00:59:11.527622
[train] Epoch: 5/5 Loss: 2.2481643816358163 LR: [5.054945054945055e-05]

confusion matrix
[[ 96  39  27  53  37  52  56  42  13  18]
 [ 45  48  28  50  31  61  86  72  31  25]
 [ 43  40  45  57  48  71  78  63  37  24]
 [ 41  44  34 101  40  65  73  65  23  19]
 [ 29  21  26  53  70  54  64  64  28  22]
 [ 46  34  36  58  42 101  82  63  28  23]
 [ 39  35  37  45  34  65 144  54  40  24]
 [ 58  25  40  74  46  66  72 104  49  24]
 [ 38  46  39  43  34  42  71  69  67  18]
 [ 35  31  43  62  47  59  72  44  31  33]]

accuracy	0.16632401315789475
[test] Epoch: 5/5 Loss: 2.3006134911587366 LR: [5.054945054945055e-05]

confusion matrix
[[34  8  4  9  2 36 16 10  5  5]
 [19 15  7 20  1 31 16  7  2  9]
 [26  8  8 16  4 34 20  6  3 10]
 [25 11  6 21  3 41 20  2  0  4]
 [16 14 11 16  4 33 18  9  1  5]
 [13  5  7 13  5 38 17  8  2  5]
 [16  8 13 15  2 36 20  9  1  5]
 [19 15  5  9  0 29 20  6  0 11]
 [10 14  9 13  6 34 15  8  1  5]
 [14  7  6 10  2 28 13  6  1 11]]

accuracy	0.1299342105263158
