Device being used: cuda
{'train': 4864, 'test': 1216}
4864
start ecpoch 0 time 06:27:03.810926
[train] Epoch: 1/5 Loss: 2.320842015115838 LR: [4.210989010989011e-06]

confusion matrix
[[  7   2 312   7  31  27   3  37  20  16]
 [  5   1 279  10  43  35   2  53  31  37]
 [  9   1 304  19  38  29   0  49  23  34]
 [  9   1 334  10  41  42   2  43  33  25]
 [  6   1 265  12  36  23   1  46  24  30]
 [  6   0 283  10  44  30   2  45  46  26]
 [  6   3 313   6  47  30   1  30  33  28]
 [  8   0 326  14  50  33   2  42  27  36]
 [  7   2 278  10  35  24   2  48  24  22]
 [  9   3 265   9  30  18   2  56  25  20]]

accuracy	0.09765625
[test] Epoch: 1/5 Loss: 2.316643896855806 LR: [4.210989010989011e-06]

confusion matrix
[[ 1  1 61  6 18  3  0  7  2  1]
 [ 1  1 76  1 15  2  0  7  1  4]
 [ 1  0 97  2 17  3  0 11  2  2]
 [ 0  0 55  4 18  4  0 13  1  3]
 [ 1  1 60  3 22  2  0 16  5  4]
 [ 0  0 85  5 19  5  0 15  4  1]
 [ 1  1 98  8 21  3  1  6  2  4]
 [ 0  1 81 13 25  3  0  7  3  1]
 [ 1  0 94  3 16  0  0 13  2  1]
 [ 3  0 72  5 19  2  0  8  5  4]]

accuracy	0.11842105263157894
start ecpoch 1 time 06:45:03.299747
[train] Epoch: 2/5 Loss: 2.3135118100203966 LR: [4.4219780219780215e-06]

confusion matrix
[[  4   4 267   9  47  20   1  55  32  23]
 [  5   4 276  16  47  25   1  50  37  35]
 [  8   2 305  15  48  15   0  54  30  29]
 [  4   3 309   8  50  35   0  70  36  25]
 [  5   3 243  16  39  18   1  62  30  27]
 [  6   3 281  16  49  22   2  56  31  26]
 [  7   2 295  13  47  23   1  59  23  27]
 [  4   3 314   8  48  25   1  63  31  41]
 [  2   2 267  10  41  16   2  57  23  32]
 [  4   2 268  10  29  27   0  47  32  18]]

accuracy	0.1001233552631579
[test] Epoch: 2/5 Loss: 2.305684186910328 LR: [4.4219780219780215e-06]

confusion matrix
[[ 0  0 50  6 18  1  1 15  5  4]
 [ 0  0 49  8 19  3  0 19  3  7]
 [ 1  1 64  9 15  4  0 27  7  7]
 [ 0  2 43  3 23  5  0 16  2  4]
 [ 0  1 44  5 34  2  1 22  0  5]
 [ 1  0 61  6 28  1  1 26  5  5]
 [ 0  0 66 14 21  2  0 26  5 11]
 [ 0  2 56 11 29  5  0 18  4  9]
 [ 1  1 69  1 24  3  0 23  5  3]
 [ 1  1 47  6 27  3  0 21  3  9]]

accuracy	0.11019736842105263
start ecpoch 2 time 07:03:01.401169
[train] Epoch: 3/5 Loss: 2.3059200958201758 LR: [4.632967032967033e-06]

confusion matrix
[[ 17   9 236   3  37  20   7  82  36  15]
 [ 11  16 258  10  49  24   3  73  19  33]
 [  8  14 280  16  55  24   7  57  27  18]
 [  5  12 271  14  57  41   0  83  33  24]
 [  5   4 219  13  52  18   1  73  29  30]
 [ 12   7 234  15  43  31   4 101  28  17]
 [ 10  15 284   8  35  28   1  65  28  23]
 [  8   9 267   9  61  23   2  99  27  33]
 [ 12  10 237   7  46  24   4  58  37  17]
 [  5   9 227  10  40  24   3  79  16  24]]

accuracy	0.11739309210526316
[test] Epoch: 3/5 Loss: 2.3092008891858553 LR: [4.632967032967033e-06]

confusion matrix
[[ 0  3 53  6 13  6  2  4  8  5]
 [ 1  3 59  3  9  2  4 14  9  4]
 [ 1  3 70 11 18  4  1 10  7 10]
 [ 1  1 54  7 14  4  0  5  9  3]
 [ 1  4 45  7 16  6  2 18  9  6]
 [ 3  2 68  7 15  5  1 16  9  8]
 [ 1  1 74 12  8 11  3 16  9 10]
 [ 0  5 56  6 20  9  4 19  9  6]
 [ 1  3 75  3 16 10  5  8  3  6]
 [ 0  0 56  2 18  7  3 13  8 11]]

accuracy	0.11266447368421052
start ecpoch 3 time 07:21:03.184858
[train] Epoch: 4/5 Loss: 2.3010529750271846 LR: [4.843956043956044e-06]

confusion matrix
[[ 30  20 223   7  37  33   4  71  22  15]
 [  9  25 235  22  41  27   4  87  17  29]
 [ 10  13 275  14  45  17   5  70  38  19]
 [  7  27 270  11  39  37   2  98  23  26]
 [ 12  13 209  16  44  24   4  80  23  19]
 [ 14  14 244  14  48  29   4  67  30  28]
 [  9  16 264  18  32  24   4  68  42  20]
 [ 15  13 235  20  51  26   4 102  31  41]
 [  4  14 246   5  32  22   5  78  19  27]
 [  5  14 218  11  48  24   6  80  14  17]]

accuracy	0.11430921052631579
[test] Epoch: 4/5 Loss: 2.306206038123683 LR: [4.843956043956044e-06]

confusion matrix
[[ 0  3 32 11 18  2  2 19  2 11]
 [ 0  4 36 11 22  8  1 14  7  5]
 [ 1  6 55  8 26  6  1 17  4 11]
 [ 1  3 29 10 23  3  1 21  4  3]
 [ 0  6 34 17 25  2  1 17  8  4]
 [ 0  3 38 14 39  2  3 20  6  9]
 [ 1  1 53 24 26  6  0 19  4 11]
 [ 0  6 42 21 29  3  0 18  8  7]
 [ 0  6 56  6 25  3  0 18  9  7]
 [ 0  3 34 11 29  4  2 20  3 12]]

accuracy	0.11101973684210527
start ecpoch 4 time 07:39:08.242958
[train] Epoch: 5/5 Loss: 2.2970782047823857 LR: [5.054945054945055e-06]

confusion matrix
[[ 35  29 207  13  38  22   5  80  20  13]
 [ 13  37 215  10  40  28   5  95  25  28]
 [ 20  27 230  20  59  19   3  96  20  12]
 [ 16  33 251  15  51  37   5  88  19  25]
 [ 15  15 200  14  62  17   2  83  15  21]
 [ 29  28 211  18  45  23   3  96  21  18]
 [ 21  34 253  16  36  28   5  75  20   9]
 [ 28  23 236  10  47  28   2 108  24  32]
 [ 17  21 208  12  45  20   6  76  23  24]
 [ 12  26 214   9  49  15   5  81  11  15]]

accuracy	0.11369243421052631
[test] Epoch: 5/5 Loss: 2.3030271781118294 LR: [5.054945054945055e-06]

confusion matrix
[[ 8  6 40  4 20  2  0 15  0  5]
 [ 3  7 46  3 19  1  0 19  6  4]
 [11  8 54  4 25  2  2 22  3  4]
 [ 2  5 41  5 17  3  0 21  0  4]
 [ 1  4 44  5 33  2  0 21  1  3]
 [ 3 12 57  5 26  1  0 23  3  4]
 [ 6  6 64 12 29  3  1 17  1  6]
 [ 0  6 46  8 27  2  0 34  1 10]
 [ 4  6 57  4 25  1  0 27  2  4]
 [ 1  9 44  3 26  2  1 23  2  7]]

accuracy	0.125
