Device being used: cuda
{'train': 4864, 'test': 1216}
4864
start ecpoch 0 time 03:28:20.489268
[train] Epoch: 1/5 Loss: 2.3082947244769647 LR: [2.1054945054945056e-05]

confusion matrix
[[ 59  17   2  18 139  12  74  45  61  20]
 [ 64  21   9  17 154  11  79  48  49  22]
 [ 71   5   7   9 180  14 108  34  69  23]
 [ 57  18   7  25 180  15  91  30  54  22]
 [ 51  16   9  11 168  14  71  36  46  22]
 [ 75  22   5  19 158  14  77  44  77  17]
 [ 66  20   9  22 134   5 113  47  66  31]
 [ 62  17   2  25 165  17  89  46  80  35]
 [ 69  13   4   5 155  16  75  41  73  27]
 [ 50  15   4  11 166   9  81  24  60  23]]

accuracy	0.11287006578947369
[test] Epoch: 1/5 Loss: 2.3037682363861487 LR: [2.1054945054945056e-05]

confusion matrix
[[22  6  2  7 47  3 14  4  4  6]
 [23  4  1 10 48  3 18 10  6  7]
 [16  7  4 11 32  2 23 11  8  7]
 [16 15  3 10 50  4 22  8  9  2]
 [14  2  3 10 47  1 15  9  8  5]
 [13  4  3  7 49  0 28  5  5  4]
 [16  2  0  7 51  3 28 10  9  3]
 [18  7  3 12 50  3 18 10 11  2]
 [15  0  1 12 39  2 13 10  7  5]
 [17  3  2 10 44  0 19  6  7  4]]

accuracy	0.1118421052631579
start ecpoch 1 time 03:46:10.141810
[train] Epoch: 2/5 Loss: 2.2923322916030884 LR: [2.2109890109890113e-05]

confusion matrix
[[ 99  30   8  29  80  28  90  41  26  16]
 [ 60  54  15  27  94  22  82  50  46  24]
 [ 66  31  14  38 110  22 135  42  33  29]
 [ 48  38   7  39 114  27 124  42  32  28]
 [ 45  32  13  21 129  20  85  34  40  25]
 [ 74  38   9  28  87  29 116  52  42  33]
 [ 62  41   5  26  86  26 150  50  46  21]
 [ 77  39   7  26 114  22 117  61  47  28]
 [ 73  37   6  24 107  18  77  54  56  26]
 [ 47  34  13  24  98  15 104  40  36  32]]

accuracy	0.13630756578947367
[test] Epoch: 2/5 Loss: 2.315865413138741 LR: [2.2109890109890113e-05]

confusion matrix
[[20  9  3  2 51  2  4  8  8  8]
 [11 11  6  6 54  7  9  7 16  3]
 [10  5  8  2 59  2  4  9 16  6]
 [ 3 13  5 12 69  5  7  7 12  6]
 [ 6  5  6  4 54  4  3  7 14 11]
 [12 10  8  0 48  8  8  9 11  4]
 [ 6  7  6  3 56 12  6 10 19  4]
 [ 6 13  4  6 58  4  5  6 26  6]
 [ 3  2  6  5 42  2  8  7 25  4]
 [ 3  9  9  7 45  5  8  9 11  6]]

accuracy	0.12828947368421054
start ecpoch 2 time 04:04:01.759801
[train] Epoch: 3/5 Loss: 2.2762937812428725 LR: [2.3164835164835167e-05]

confusion matrix
[[ 64  43  17  20  75  41  78  61  35  13]
 [ 35  71  10  18  90  42  79  59  48  22]
 [ 36  45  31  26 100  34 103  72  42  31]
 [ 33  45  15  42 103  40 114  43  35  29]
 [ 13  45  14  19 124  37  85  48  38  21]
 [ 36  46  12  28  83  66 105  63  41  28]
 [ 35  46  20  25  74  39 143  64  41  26]
 [ 48  43  13  30  82  37  99 109  50  27]
 [ 29  53  11  24  91  23  89  81  57  20]
 [ 27  43  15  18  95  31  91  57  40  26]]

accuracy	0.15069901315789475
[test] Epoch: 3/5 Loss: 2.2982228492435657 LR: [2.3164835164835167e-05]

confusion matrix
[[24  9  9  1 31  2 14  7 11  7]
 [14 21 17  5 29  6  7 11 11  9]
 [19  9 18  3 30  5 10 10 11  6]
 [11 20 14  3 25  7 22 11 13 13]
 [16  8 14  4 29  5 12  6 12  8]
 [20  4 11  4 32  6 25  3  8  5]
 [16  7 17  1 40  5 18  6 12  7]
 [18 14  8  2 36  6 22  6 12 10]
 [15  6 14  2 30  1  9  9 13  5]
 [16  7 11  2 32  5 14  9 10  6]]

accuracy	0.11842105263157894
start ecpoch 3 time 04:21:54.785955
[train] Epoch: 4/5 Loss: 2.2665538317278813 LR: [2.421978021978022e-05]

confusion matrix
[[ 79  37  24  40  52  45  70  53  26  21]
 [ 40  60  21  42  58  47  70  57  53  26]
 [ 46  42  43  47  82  46  80  64  37  33]
 [ 31  47  34  62  69  47  92  56  38  23]
 [ 18  37  35  25 107  39  75  44  41  23]
 [ 42  38  30  30  62  64  98  67  48  29]
 [ 54  41  29  34  64  47 129  54  41  20]
 [ 45  45  26  47  73  43  76  95  54  34]
 [ 30  41  33  37  66  32  71  73  69  26]
 [ 23  37  33  31  74  35  78  49  37  46]]

accuracy	0.15501644736842105
[test] Epoch: 4/5 Loss: 2.301165223121643 LR: [2.421978021978022e-05]

confusion matrix
[[24 10  3  3 27  9 18  5  6 10]
 [13 16  7  9 23 10 22 11 10  9]
 [12  8  8  2 23 16 17 22  5  8]
 [ 8 16  7  9 28 21 24 13  5  8]
 [11  3  4 10 29 13 16 13  6  9]
 [13  4  2  3 28 11 30 12  7  8]
 [12  2  3  2 31  9 35 16  8 11]
 [10 11  2  7 34 10 28 12 10 10]
 [ 7  5  5  6 19 11 21 14  9  7]
 [11 10  4  5 28 10 15 13  7  9]]

accuracy	0.13322368421052633
start ecpoch 4 time 04:39:50.479303
[train] Epoch: 5/5 Loss: 2.2610214054584503 LR: [2.5274725274725276e-05]

confusion matrix
[[ 82  37  26  53  48  39  68  44  30  20]
 [ 35  66  27  45  55  47  71  53  50  25]
 [ 48  43  35  52  73  37  92  56  55  29]
 [ 24  46  33  80  62  46 104  45  37  22]
 [ 13  36  40  38 103  30  69  49  47  19]
 [ 42  42  26  35  65  69  90  43  59  37]
 [ 33  45  32  48  65  51 117  62  44  16]
 [ 32  45  27  50  61  46  91  92  65  29]
 [ 33  38  25  34  71  36  64  61  89  27]
 [ 21  47  22  39  64  43  78  49  41  39]]

accuracy	0.15871710526315788
[test] Epoch: 5/5 Loss: 2.2937394160973397 LR: [2.5274725274725276e-05]

confusion matrix
[[23  6  1  3 16  4 19 20  8 15]
 [14 10  7 12 13  4 16 22 17 15]
 [15  7  8  4 11  7 11 20 14 24]
 [ 8 19 11 12 14 12 13 22 11 17]
 [10  7  2  4 13 10 17 21 13 17]
 [14  6  6  3 20  6 22 16 11 14]
 [ 8  4 12  4 21  9 20 23 11 17]
 [ 9  8  2  4 19 12 18 26 15 21]
 [ 4  4 11  8 14  8  6 16 19 14]
 [11  7  5  6 15  8 15 14 14 17]]

accuracy	0.12664473684210525
