Device being used: cuda
{'train': 4864, 'test': 1216}
4864
start ecpoch 0 time 12:11:37.614634
[train] Epoch: 1/5 Loss: 2.319935746883091 LR: [0.00042109890109890113]

confusion matrix
[[ 30  66  55  77  12  25  22 108  33  20]
 [ 21  71  65  80  17  28  17  93  59  30]
 [ 30  56  84  83  24  22  30 111  38  21]
 [ 33  80  79  93  14  19  27  90  59  19]
 [ 19  61  67  82  17  18  15  96  41  25]
 [ 36  75  70  93  12  25  24  94  57  23]
 [ 31  68  84  81   8  25  27 105  46  26]
 [ 37  86  85  76  15  31  29 112  60  23]
 [ 24  65  63  77  20  23  23 101  49  25]
 [ 30  53  73  83  20  24  22  82  40  21]]

accuracy	0.10875822368421052
[test] Epoch: 1/5 Loss: 2.307119143636603 LR: [0.00042109890109890113]

confusion matrix
[[ 3 56 12  6  0  2 15 11  9  0]
 [ 0 68 17  8  0  0 17  7  6  0]
 [ 0 60 22 12  0  3 15 16 13  1]
 [ 0 57 29 10  0  4 13  7  5  0]
 [ 0 62 20  8  0  3  9  5  9  1]
 [ 0 49 21  8  0  1 22  5 11  0]
 [ 1 61 24  8  0  2 25 10  9  1]
 [ 0 59 20  3  0  1 14 10 10  1]
 [ 0 51 17  4  0  1 16  7 16  0]
 [ 0 41 17  9  0  2 16 10 11  1]]

accuracy	0.12828947368421054
start ecpoch 1 time 12:29:27.243148
[train] Epoch: 2/5 Loss: 2.30046367331555 LR: [0.00044219780219780224]

confusion matrix
[[ 79  34  30  64  21  27  35 104  28  26]
 [ 42  47  29  87  24  25  45 131  35  16]
 [ 51  43  41  87  22  39  44  99  35  38]
 [ 43  50  30 103  27  38  46 109  39  28]
 [ 29  42  38  80  28  27  38 110  25  24]
 [ 53  38  33  74  27  47  48 116  34  39]
 [ 63  35  24  76  19  28  55 120  50  31]
 [ 57  42  35 105  31  39  39 141  43  22]
 [ 36  42  32  77  25  29  30 130  44  25]
 [ 30  38  27  82  22  36  39 102  36  36]]

accuracy	0.12767269736842105
[test] Epoch: 2/5 Loss: 2.3100991719647457 LR: [0.00044219780219780224]

confusion matrix
[[ 1  0  3  0 23 37  0 35  6  9]
 [ 0  0  8  0 24 37  0 42  9  3]
 [ 0  0 15  0 31 44  0 40  8  4]
 [ 0  0 20  0 20 30  0 42  8  5]
 [ 0  0 17  0 20 31  0 35  8  6]
 [ 0  0 13  0 12 39  0 40  5  8]
 [ 0  0 19  0 23 48  0 36  6  9]
 [ 0  0 14  0 22 35  0 36  4  7]
 [ 0  0 12  0 15 43  0 33  7  2]
 [ 0  0  8  0 20 41  0 26  7  5]]

accuracy	0.10115131578947369
start ecpoch 2 time 12:47:13.777637
[train] Epoch: 3/5 Loss: 2.302094156804838 LR: [0.0004632967032967033]

confusion matrix
[[63 39 83 57 23 50 33 46 27 27]
 [38 42 65 82 28 46 39 70 45 26]
 [46 31 91 88 36 52 30 49 48 28]
 [51 48 79 86 29 62 38 67 23 30]
 [30 37 70 89 39 41 32 39 38 26]
 [45 47 82 79 32 49 37 50 55 33]
 [54 45 76 86 24 49 37 57 46 27]
 [52 54 75 73 32 58 49 61 62 38]
 [46 38 80 62 27 39 43 58 56 21]
 [23 36 63 77 36 62 34 43 36 38]]

accuracy	0.11554276315789473
[test] Epoch: 3/5 Loss: 2.3521795210085417 LR: [0.0004632967032967033]

confusion matrix
[[  0   0   0   0   0   0   0 101  13   0]
 [  0   0   0   0   0   0   0 110  13   0]
 [  0   0   0   0   0   0   0 124  18   0]
 [  0   0   0   0   0   0   0 108  17   0]
 [  0   0   0   0   0   0   0 107  10   0]
 [  0   0   0   0   0   0   0 101  16   0]
 [  0   0   0   0   0   0   0 121  20   0]
 [  0   0   0   0   0   0   0 101  17   0]
 [  0   0   0   0   0   0   0 100  12   0]
 [  1   0   0   0   0   0   0  95  11   0]]

accuracy	0.09292763157894737
start ecpoch 3 time 13:04:59.793514
[train] Epoch: 4/5 Loss: 2.2968628186928597 LR: [0.0004843956043956044]

confusion matrix
[[ 44  23  41  65  15  91  44  68  28  29]
 [ 25  33  48  65  13  88  36  84  46  43]
 [ 30  26  61  61  17  80  45  89  51  39]
 [ 28  36  57  80  15  99  46  75  37  40]
 [ 19  30  55  68  21  61  31  69  34  53]
 [ 45  26  44  67  12  96  47  62  33  77]
 [ 35  25  50  67  12  76  63  88  48  37]
 [ 36  35  51  68  16 100  47  92  60  49]
 [ 29  22  48  53  15  57  54  85  60  47]
 [ 28  15  46  72  16  76  53  69  26  47]]

accuracy	0.12273848684210527
[test] Epoch: 4/5 Loss: 2.642896498504438 LR: [0.0004843956043956044]

confusion matrix
[[101   0   0   0   0   0   0   0   0  13]
 [103   0   0   0   0   0   3   0   0  17]
 [112   0   0   0   0   0   2   0   0  28]
 [ 95   0   0   0   0   0   4   0   0  26]
 [ 89   0   0   0   0   0   0   0   0  28]
 [ 94   0   0   0   0   0   2   0   0  21]
 [122   0   0   0   0   0   2   0   0  17]
 [100   0   0   0   0   0   0   0   0  18]
 [100   0   0   0   0   0   0   0   0  12]
 [ 83   0   0   0   0   0   3   0   0  21]]

accuracy	0.10197368421052631
start ecpoch 4 time 13:22:46.618235
[train] Epoch: 5/5 Loss: 2.2998034263912 LR: [0.0005054945054945055]

confusion matrix
[[ 74  24  30  72  12  33  58  99  22  24]
 [ 37  28  39  93  23  24  65 106  35  31]
 [ 50  29  39  89  21  27  73  95  42  34]
 [ 46  28  46 108  21  27  72  84  38  43]
 [ 28  19  41  95  30  29  50  82  36  31]
 [ 58  17  40  94  24  44  61  90  39  42]
 [ 54  27  32  90  21  32  71 106  46  22]
 [ 60  27  42 107  21  31  66 114  51  35]
 [ 49  30  37  76  23  23  66  95  51  20]
 [ 30  19  39  88  27  32  54  97  34  28]]

accuracy	0.12068256578947369
[test] Epoch: 5/5 Loss: 2.4640601920454124 LR: [0.0005054945054945055]

confusion matrix
[[ 93   0   6   0   0   0   0   0   0  15]
 [101   0   3   0   0   0   0   0   1  18]
 [110   0  17   0   0   0   0   0   1  14]
 [105   0   8   0   0   0   0   0   1  11]
 [ 92   0   6   0   0   0   0   0   2  17]
 [ 99   0   8   0   0   0   0   0   1   9]
 [120   0   6   0   0   0   0   0   0  15]
 [ 89   0  13   0   0   0   0   0   1  15]
 [ 91   0   9   0   0   0   0   0   1  11]
 [ 78   0  13   0   0   0   0   0   2  14]]

accuracy	0.10279605263157894
done
