Device being used: cuda
{'train': 4864, 'test': 1216}
4864
start ecpoch 0 time 22:20:05.709423
[train] Epoch: 1/5 Loss: 2.6696328912910663 LR: [4.052660449808009e-05]

confusion matrix
[[47 45 35 45 45 55 42 45 41 41]
 [36 69 46 59 37 46 60 49 52 28]
 [32 65 49 57 43 60 53 69 40 45]
 [35 62 49 65 48 50 66 56 49 41]
 [43 41 35 54 41 55 46 62 38 36]
 [59 51 42 51 48 79 35 62 31 40]
 [39 53 42 61 46 48 65 66 53 45]
 [45 56 39 67 43 72 57 73 41 42]
 [29 70 38 53 38 36 53 52 60 34]
 [39 53 36 50 32 61 48 43 31 49]]

accuracy	0.12273848684210527
[test] Epoch: 1/5 Loss: 2.574525557066265 LR: [4.052660449808009e-05]

confusion matrix
[[  0   0   2   0   0  11 100   8   0   0]
 [  0   0   4   0   0   1 108   9   0   0]
 [  0   0   5   0   0   3 113   7   0   0]
 [  0   0   4   0   0   0 104   9   0   0]
 [  0   0   1   0   0   0  98   8   0   0]
 [  0   0  11   0   0  15  88  14   0   0]
 [  0   0   6   0   0   2 107   9   0   0]
 [  0   0   3   0   0   4 113  17   0   0]
 [  0   0   4   0   0   0 102  13   0   0]
 [  0   0   9   0   0   5  91   8   0   0]]

accuracy	0.11842105263157894
start ecpoch 1 time 22:37:19.259570
[train] Epoch: 2/5 Loss: 2.274322995131737 LR: [4.1053208996160176e-05]

confusion matrix
[[ 73  36  34  34  27  78  23  41  36  59]
 [ 27  68  43  70  18  27  78  57  63  31]
 [ 41  54  53  66  36  49  70  67  45  32]
 [ 25  61  53  91  41  30  53  58  62  47]
 [ 39  37  35  48  44  60  54  70  30  34]
 [ 50  37  22  37  45 143  27  52  28  57]
 [ 18  75  46  79  38  48 100  53  29  32]
 [ 31  59  51  71  41  76  52  86  37  31]
 [ 25  62  39  72  30  42  36  53  70  34]
 [ 45  33  36  46  37  70  24  43  35  73]]

accuracy	0.16467927631578946
[test] Epoch: 2/5 Loss: 2.387940249552852 LR: [4.1053208996160176e-05]

confusion matrix
[[ 4  1  0  2  5 40  7 32  2 28]
 [ 0  2  0  1  0 10 50 42  2 15]
 [ 0  3  0  4  5 15 38 45  1 17]
 [ 0  0  0  1  6  7 51 35  1 16]
 [ 0  0  0  1  4 19 22 30  2 29]
 [ 0  0  0  1  3 59 11 41  0 13]
 [ 0  0  0  2  2 14 51 40  0 15]
 [ 0  0  0  2  4 21 29 64  1 16]
 [ 0  0  0  1  2 14 31 50  6 15]
 [ 0  1  0  0  5 21 12 25  1 48]]

accuracy	0.19654605263157895
start ecpoch 2 time 22:54:35.395255
[train] Epoch: 3/5 Loss: 2.2017926552185885 LR: [4.157981349424027e-05]

confusion matrix
[[ 90  17  15  30  25  92  21  46  30  75]
 [ 18  59  38  70  33  33  83  44  76  28]
 [ 27  51  44  59  51  40  82  67  44  48]
 [ 25  59  45 103  29  23  77  61  59  40]
 [ 30  25  38  51  57  67  57  57  34  35]
 [ 64  24  24  32  48 160  25  50  21  50]
 [ 15  51  57  74  35  26 131  70  35  24]
 [ 25  36  37  59  52  48  66 135  34  43]
 [ 19  62  28  66  24  28  64  54  93  25]
 [ 58  24  36  31  24  50  25  48  28 118]]

accuracy	0.20353618421052633
[test] Epoch: 3/5 Loss: 2.4607416767823067 LR: [4.157981349424027e-05]

confusion matrix
[[12  1 38 12  0 11 24  7  4 12]
 [ 0  0 53 19  0  1 29  1 17  2]
 [ 1  0 61 18  0  5 31  3  5  4]
 [ 0  0 59 24  0  1 20  3 10  0]
 [ 2  0 54 11  0  7 23  2  3  5]
 [ 3  0 39 11  1 38 21  8  2  5]
 [ 2  0 52  7  0  4 51  4  3  1]
 [ 3  0 54 10  0  1 49 16  0  4]
 [ 2  0 70 12  0  1 14  2 17  1]
 [ 5  0 34 11  0  4 15  7  8 29]]

accuracy	0.20394736842105263
start ecpoch 3 time 23:11:53.492132
[train] Epoch: 4/5 Loss: 2.103555535848596 LR: [4.2106417992320355e-05]

confusion matrix
[[113  22  12  39  37  77  21  32  18  70]
 [ 13  77  35  72  28  42  85  48  62  20]
 [ 21  51  54  77  49  49  70  65  38  39]
 [ 22  54  52 120  41  41  55  51  53  32]
 [ 36  31  37  56  70  48  53  72  22  26]
 [ 51  20  19  37  51 198  28  42  13  39]
 [ 27  54  40  61  40  35 154  60  26  21]
 [ 36  32  44  65  52  33  70 153  22  28]
 [ 23  61  41  72  29  28  38  47  96  28]
 [ 58  21  28  48  40  39  29  40  17 122]]

accuracy	0.23787006578947367
[test] Epoch: 4/5 Loss: 2.231199978605697 LR: [4.2106417992320355e-05]

confusion matrix
[[21  4  0  7 11  5  2  3 13 55]
 [ 5  6  0 31  6  2  5  1 49 17]
 [ 3  6  0 36 16  8  5  1 27 26]
 [ 2  2  0 43 12  3  2  2 37 14]
 [ 0  3  0 18 34  4  1  1 18 28]
 [ 7  0  0 11 28 36  0  6 12 28]
 [ 5  2  0 39 21  2 14  3 18 20]
 [ 8  2  0 20 33  2  1 13 30 28]
 [ 6  2  0 13 11  0  0  3 62 22]
 [ 6  0  0 11  6  2  2  2 17 67]]

accuracy	0.24342105263157895
start ecpoch 4 time 23:29:10.755508
[train] Epoch: 5/5 Loss: 2.0406679707628332 LR: [4.263302249040044e-05]

confusion matrix
[[121  20  14  28  28  65  26  38  25  76]
 [ 18  86  38  67  23  32  74  54  73  17]
 [ 21  42  72  52  48  39  82  72  49  36]
 [ 18  35  47 126  48  38  84  49  53  23]
 [ 26  31  34  56 108  48  46  52  18  32]
 [ 54  21  19  30  46 211  34  36  15  32]
 [ 18  64  44  52  36  30 165  69  21  19]
 [ 26  35  45  45  44  32  68 182  24  34]
 [ 18  54  24  92  35  27  38  42 108  25]
 [ 49  24  23  40  45  40  21  44  18 138]]

accuracy	0.2707648026315789
[test] Epoch: 5/5 Loss: 2.017032996408249 LR: [4.263302249040044e-05]

confusion matrix
[[58 10  0  0 21 19  1  5  2  5]
 [ 6 30  0 16 17 11 17 10 14  1]
 [ 7 10  0  8 40 16 16 24  3  4]
 [ 5  8  1 21 32  7  9 19 10  5]
 [10  4  0  1 56 14  5  6  6  5]
 [11  3  0  1 21 78  3  9  2  0]
 [ 8 14  0  7 26  9 30 19  5  6]
 [17  7  0  1 32 11  7 58  2  2]
 [ 6 15  0 10 26 10  4 21 21  6]
 [41  2  1  7 13  9  1 10  1 28]]

accuracy	0.3125
