Device being used: cuda
init Dataloader
{'train': 5008, 'test': 1253}
5008
start ecpoch 0 time 23:43:24.408587
[train] Epoch: 1/5 Loss: 2.517605363180081 LR: [4.0511454448588175e-05]

confusion matrix
[[31 46 53 37 31 44 51 69 45 48]
 [40 59 68 63 24 37 43 63 44 48]
 [32 58 66 60 36 47 49 75 58 51]
 [30 64 61 54 32 48 66 80 45 48]
 [30 51 61 53 20 39 54 73 56 44]
 [26 49 66 60 29 56 60 71 47 37]
 [33 62 74 52 25 50 61 76 54 43]
 [29 59 81 58 22 48 60 84 50 58]
 [34 50 55 51 38 38 50 67 52 37]
 [43 57 68 40 24 47 47 59 43 43]]

accuracy	0.10503194888178914
[test] Epoch: 1/5 Loss: 2.4396790423016497 LR: [4.0511454448588175e-05]

confusion matrix
[[  0   0  90   0   6  27   0   0   0   0]
 [  0   0  99   0   7  29   0   0   0   0]
 [  0   0  97   0  11  19   0   0   0   0]
 [  0   0  91   0  11  22   0   0   0   0]
 [  0   0  84   0   8  13   0   0   0   0]
 [  0   0 107   0  17  17   0   0   0   0]
 [  0   0  91   0   7  24   0   0   0   0]
 [  0   0 109   0  11  21   0   0   0   0]
 [  0   0  97   0  10  19   0   0   0   0]
 [  0   0  83   0  14  12   0   0   0   0]]

accuracy	0.09736632083000799
start ecpoch 1 time 00:01:20.798592
[train] Epoch: 2/5 Loss: 2.3836551698061603 LR: [4.102290889717635e-05]

confusion matrix
[[ 39  43  58  52  40  36  55  75  28  29]
 [ 41  31  78  33  45  31  62  93  39  36]
 [ 31  42  87  58  45  37  75 101  28  28]
 [ 29  41  78  62  41  34  74 102  35  32]
 [ 41  37  72  54  45  34  55  87  30  26]
 [ 38  44  79  58  33  39  57  90  25  38]
 [ 38  34  70  55  59  39  77  79  31  48]
 [ 36  59  64  63  39  46  73 106  28  35]
 [ 34  31  78  50  28  26  67  94  28  36]
 [ 32  46  68  57  40  31  59  90  19  29]]

accuracy	0.10842651757188498
[test] Epoch: 2/5 Loss: 2.4074089681255466 LR: [4.102290889717635e-05]

confusion matrix
[[  0  30   0   0   7   0   0   0   0  86]
 [  0  32   0   0  15   0   0   0   0  88]
 [  0  16   0   0  16   0   0   0   0  95]
 [  0  25   0   0   6   0   0   0   0  93]
 [  0  17   0   0   9   0   0   0   0  79]
 [  0  20   0   0  14   0   0   0   0 107]
 [  0  18   0   0  15   0   0   0   0  89]
 [  0  19   0   0  13   0   0   0   0 109]
 [  0  18   0   0   8   0   0   0   0 100]
 [  0  17   0   0  10   0   0   0   0  82]]

accuracy	0.09816440542697526
start ecpoch 2 time 00:19:20.896187
[train] Epoch: 3/5 Loss: 2.357249038668867 LR: [4.153436334576452e-05]

confusion matrix
[[ 16  46  75  53  28  55  49  87  22  24]
 [ 17  68  68  56  25  50  50  86  39  30]
 [ 18  61  78  56  31  64  66  89  41  28]
 [ 18  76  67  77  25  69  52  83  39  22]
 [ 23  51  63  65  16  68  57  85  34  19]
 [ 29  55  71  54  20  79  54  85  30  24]
 [ 17  60  87  61  23  54  65 104  33  26]
 [ 24  64  80  74  25  64  61  83  51  23]
 [ 25  61  71  51  17  59  47  74  38  29]
 [ 22  52  75  49  19  77  54  68  36  19]]

accuracy	0.10762779552715655
[test] Epoch: 3/5 Loss: 2.3855933853843547 LR: [4.153436334576452e-05]

confusion matrix
[[  0   0   0   0   0   0   0 123   0   0]
 [  0   0   0   0   0   0   0 135   0   0]
 [  0   0   0   0   0   0   0 127   0   0]
 [  0   0   0   0   0   0   0 124   0   0]
 [  0   0   0   0   0   0   0 105   0   0]
 [  0   0   0   0   0   0   0 141   0   0]
 [  0   0   0   0   0   0   0 122   0   0]
 [  0   0   0   0   0   0   0 141   0   0]
 [  0   0   0   0   0   0   0 126   0   0]
 [  0   0   0   0   0   0   0 109   0   0]]

accuracy	0.11252992817238627
start ecpoch 3 time 00:37:18.366791
