Device being used: cuda
{'train': 4864, 'test': 1216}
4864
start ecpoch 0 time 17:16:33.429866
[train] Epoch: 1/5 Loss: 2.7168769998181808 LR: [0.0004052660449808009]

confusion matrix
[[33 40 53 56 24 60 58 54 36 41]
 [50 56 66 64 30 47 56 42 37 32]
 [34 62 50 60 36 77 44 61 57 34]
 [40 54 53 72 36 58 48 59 46 32]
 [41 36 54 53 28 62 45 52 49 24]
 [46 51 76 54 32 59 42 63 37 25]
 [47 56 66 47 30 68 41 70 51 37]
 [36 47 76 66 43 67 51 75 63 29]
 [45 48 48 48 25 47 49 72 45 39]
 [38 43 41 53 31 57 45 69 41 37]]

accuracy	0.10197368421052631
[test] Epoch: 1/5 Loss: 2.520495876277748 LR: [0.0004052660449808009]

confusion matrix
[[  0   0   0   3   0   0  27   0  77   0]
 [  0   0   0   9   0   0  20   0  95   0]
 [  0   0   0   0   0   0  24   0 102   0]
 [  0   0   0   9   0   0  35   0  96   0]
 [  0   0   0   4   0   0  27   0  83   0]
 [  0   0   0   2   0   0  30   0 109   0]
 [  0   0   0   6   0   0  28   0  95   0]
 [  0   0   0   6   0   0  36   0  77   0]
 [  0   1   0   4   0   0  27   0  84   0]
 [  0   1   0   2   0   0  27   0  70   0]]

accuracy	0.09950657894736842
start ecpoch 1 time 17:34:00.729504
[train] Epoch: 2/5 Loss: 2.482296124884957 LR: [0.00041053208996160177]

confusion matrix
[[50 52 51 37 19 47 55 64 51 29]
 [37 56 54 38 24 50 62 80 41 38]
 [38 54 45 56 31 62 62 85 46 36]
 [39 52 48 49 35 51 68 69 39 48]
 [44 38 56 52 24 50 48 64 42 26]
 [41 49 55 52 28 44 67 73 41 35]
 [51 61 48 55 34 54 62 62 55 31]
 [57 70 61 49 34 57 56 89 42 38]
 [34 52 60 46 34 51 49 70 34 36]
 [33 46 63 44 25 54 49 75 31 35]]

accuracy	0.10032894736842106
[test] Epoch: 2/5 Loss: 2.389674966664691 LR: [0.00041053208996160177]

confusion matrix
[[  0   9   0  92   0   0   6   0   0   0]
 [  0   9   0 110   0   0   5   0   0   0]
 [  0  11   0 114   0   0   1   0   0   0]
 [  0   9   0 126   0   0   5   0   0   0]
 [  0   8   1  99   0   0   6   0   0   0]
 [  0  11   0 125   0   0   5   0   0   0]
 [  0   3   0 123   0   0   3   0   0   0]
 [  0   5   0 110   0   0   3   0   0   1]
 [  0   7   0 103   0   0   5   0   0   1]
 [  0   8   1  87   0   0   4   0   0   0]]

accuracy	0.11348684210526316
start ecpoch 2 time 17:51:30.572068
[train] Epoch: 3/5 Loss: 2.3833807411750683 LR: [0.0004157981349424027]

confusion matrix
[[ 50  34  70  48  26  31  50  81  34  31]
 [ 54  50  67  56  19  33  40  98  39  24]
 [ 43  50  72  50  20  36  50 108  50  36]
 [ 39  40  62  66  21  37  48 103  51  31]
 [ 45  37  77  41  19  36  41  73  47  28]
 [ 44  46  79  46  24  47  46  80  47  26]
 [ 38  59  72  50  22  40  44 100  48  40]
 [ 59  52  70  61  27  40  52 110  54  28]
 [ 49  46  58  47  19  41  44  85  38  39]
 [ 35  47  60  53  18  36  46  86  38  36]]

accuracy	0.109375
[test] Epoch: 3/5 Loss: 2.4104512306420425 LR: [0.0004157981349424027]

confusion matrix
[[  0   0  83   0   0   0  24   0   0   0]
 [  0   0  95   0   0   0  29   0   0   0]
 [  0   0  94   0   0   0  32   0   0   0]
 [  0   0 110   0   0   0  30   0   0   0]
 [  0   0  86   0   0   0  28   0   0   0]
 [  0   0 113   0   0   0  28   0   0   0]
 [  0   0 107   0   0   0  22   0   0   0]
 [  0   0  98   0   0   0  21   0   0   0]
 [  0   0  83   0   0   0  33   0   0   0]
 [  0   0  70   0   0   0  30   0   0   0]]

accuracy	0.09539473684210527
start ecpoch 3 time 18:09:04.734085
[train] Epoch: 4/5 Loss: 2.360209989704584 LR: [0.0004210641799232035]

confusion matrix
[[30 47 46 75 26 47 51 74 26 33]
 [31 52 64 69 27 40 57 80 29 31]
 [38 70 66 81 22 49 50 81 33 25]
 [37 55 61 62 29 47 52 66 43 46]
 [37 52 47 52 16 36 45 90 33 36]
 [44 64 57 62 32 41 58 61 37 29]
 [31 71 68 76 25 48 45 89 33 27]
 [33 60 62 86 25 59 63 91 32 42]
 [30 54 52 62 27 47 47 82 27 38]
 [27 53 62 72 21 50 46 70 30 24]]

accuracy	0.09333881578947369
[test] Epoch: 4/5 Loss: 2.363977190695311 LR: [0.0004210641799232035]

confusion matrix
[[  0   0   0   0   0   0   0   0   3 104]
 [  0   0   0   0   0   0   0   0   2 122]
 [  0   0   0   0   0   0   0   0   6 120]
 [  3   0   0   0   0   0   0   0   2 135]
 [  1   0   0   0   0   0   0   0   2 111]
 [  1   0   0   0   0   0   0   0   2 138]
 [  0   0   0   0   0   0   0   0   0 129]
 [  1   0   0   0   0   0   0   0   1 117]
 [  0   0   0   0   0   0   0   0   3 113]
 [  2   0   0   0   0   0   0   0   6  92]]

accuracy	0.078125
start ecpoch 4 time 18:26:33.372348
[train] Epoch: 5/5 Loss: 2.3425112815671847 LR: [0.00042633022490400443]

confusion matrix
[[ 19  47  82  36   5  36  71  90  25  44]
 [ 26  62  88  40   3  37  75  81  21  47]
 [ 22  56  83  47   4  47  97  79  23  57]
 [ 15  48 103  41  11  45  78  93  22  42]
 [ 20  42  77  49   5  32  71  80  24  44]
 [ 30  62  80  35   7  25  83  94  24  45]
 [ 22  51  78  41  11  42 101  88  31  48]
 [ 23  60 100  61   5  39  94  99  20  52]
 [ 17  50 100  40   6  37  73  77  23  43]
 [ 16  55  86  43   3  39  60  82  19  52]]

accuracy	0.10485197368421052
[test] Epoch: 5/5 Loss: 2.340286324682989 LR: [0.00042633022490400443]

confusion matrix
[[  0   0   0   0   0   0 107   0   0   0]
 [  0   0   0   0   0   0 123   0   1   0]
 [  0   0   0   0   0   0 124   0   2   0]
 [  0   0   0   0   0   0 137   0   3   0]
 [  0   0   0   0   0   0 113   0   1   0]
 [  0   0   0   0   0   0 141   0   0   0]
 [  0   0   0   0   0   0 129   0   0   0]
 [  0   0   0   0   0   0 118   0   0   1]
 [  0   0   0   0   0   0 114   0   2   0]
 [  0   0   0   0   0   0  98   0   2   0]]

accuracy	0.10773026315789473
done
