Device being used: cuda
{'train': 4864, 'test': 1216}
4864
start ecpoch 0 time 04:57:51.093458
[train] Epoch: 1/5 Loss: 3.2647401613036267 LR: [4.052660449808009e-06]

confusion matrix
[[ 56  41  32  39  34  81  41  44  43  31]
 [ 39  51  53  43  44  46  47  55  56  49]
 [ 47  51  47  44  37  57  63  62  50  52]
 [ 35  37  52  62  33  73  65  54  60  34]
 [ 39  39  54  37  35  65  48  45  39  49]
 [ 57  46  42  44  34 100  63  61  32  39]
 [ 38  41  59  64  42  57  62  42  53  52]
 [ 50  51  37  42  45  84  61  64  58  48]
 [ 41  31  47  54  37  61  55  56  56  36]
 [ 36  40  37  39  27  79  50  60  32  32]]

accuracy	0.11615953947368421
[test] Epoch: 1/5 Loss: 2.5565119111224224 LR: [4.052660449808009e-06]

confusion matrix
[[ 8 15 11 23  4  0  1 54  1  3]
 [ 0 15  8 53  7  0  0 31  4  3]
 [ 0 11  6 28  7  0  0 70  6  3]
 [ 0  8 10 49 12  0  0 49  3  2]
 [ 0 12 12 25  2  0  2 50  4  1]
 [ 1  6 11 15  2  0  4 67  0  2]
 [ 0 14 18 34  9  0  0 49  6  2]
 [ 0  8  5 35  4  0  0 69  9  2]
 [ 0  9  4 32  5  0  0 40 13  5]
 [ 1  8  4 25  7  0  1 71  3  3]]

accuracy	0.1356907894736842
start ecpoch 1 time 05:15:36.150273
[train] Epoch: 2/5 Loss: 2.3313592844887783 LR: [4.105320899616017e-06]

confusion matrix
[[ 69  36  26  33  26  89  37  64  31  31]
 [ 25  44  50  66  46  33  55  67  74  23]
 [ 41  43  54  54  43  51  63  59  67  35]
 [ 29  40  48  77  39  49  64  60  54  45]
 [ 31  35  39  52  39  65  51  76  36  26]
 [ 51  24  34  38  31 127  61  85  25  42]
 [ 31  39  54  86  34  48  86  56  53  23]
 [ 43  45  39  51  41  76  50  99  63  33]
 [ 29  45  59  62  40  33  42  59  69  36]
 [ 40  30  28  45  25  68  39  76  25  56]]

accuracy	0.14802631578947367
[test] Epoch: 2/5 Loss: 2.3653307502207004 LR: [4.105320899616017e-06]

confusion matrix
[[29  1 13  6 58  5  0  0  0  8]
 [ 7  0 14 18 74  0  0  0  1  7]
 [12  0 15 14 76  0  0  0  0 14]
 [ 6  3 24 35 59  0  0  0  0  6]
 [11  1  9 14 65  1  0  1  0  6]
 [22  7 13  3 43  9  0  0  0 11]
 [12  2 21 22 66  1  0  2  0  6]
 [12  0 19  8 80  2  0  2  0  9]
 [ 5  4 19 10 58  1  0  1  1  9]
 [12  0 13 12 64  2  0  0  0 20]]

accuracy	0.14473684210526316
start ecpoch 2 time 05:33:20.050672
[train] Epoch: 3/5 Loss: 2.260396753584868 LR: [4.157981349424026e-06]

confusion matrix
[[ 84  19  33  42  29 100  19  37  27  52]
 [ 24  46  64  69  41  34  61  54  66  24]
 [ 38  39  54  61  45  58  60  63  66  26]
 [ 25  46  66  86  37  49  49  43  64  40]
 [ 27  34  33  44  57  68  47  44  46  50]
 [ 64  28  32  34  37 154  38  56  27  48]
 [ 31  40  60  67  50  53  78  58  44  29]
 [ 44  36  48  42  43  84  52  97  65  29]
 [ 31  49  45  59  38  44  43  49  80  36]
 [ 38  24  26  34  44  76  29  46  41  74]]

accuracy	0.16652960526315788
[test] Epoch: 3/5 Loss: 2.7706085972880063 LR: [4.157981349424026e-06]

confusion matrix
[[ 7  4 17 21  3  5  0 33  0 30]
 [ 0 14 27 38  0  0  0 23  1 18]
 [ 0 13 33 23  2  0  0 30  0 30]
 [ 0 13 30 32  2  1  0 33  1 21]
 [ 0  9 24 21  2  1  0 22  0 29]
 [ 4  8 18 12  8  8  0 25  0 25]
 [ 1 14 34 36  3  0  1 26  2 15]
 [ 1 13 31 20  2  4  1 34  2 24]
 [ 0 11 22 25  4  0  0 21  1 24]
 [ 0  4 34 19  4  3  2 20  1 36]]

accuracy	0.13815789473684212
start ecpoch 3 time 05:50:57.580133
[train] Epoch: 4/5 Loss: 2.201124296474614 LR: [4.210641799232035e-06]

confusion matrix
[[ 89  19  13  25  27  92  34  50  35  58]
 [ 17  70  63  72  37  29  56  50  66  23]
 [ 32  45  53  58  49  52  62  74  48  37]
 [ 37  43  55  95  32  41  66  50  54  32]
 [ 30  31  36  48  55  64  55  55  35  41]
 [ 54  14  21  30  26 194  46  62  21  50]
 [ 31  50  46  62  35  56 109  51  45  25]
 [ 43  48  39  46  41  80  46 124  46  27]
 [ 34  55  74  60  18  27  33  46  93  34]
 [ 53  26  38  35  32  74  31  41  24  78]]

accuracy	0.19736842105263158
[test] Epoch: 4/5 Loss: 2.32123855815122 LR: [4.210641799232035e-06]

confusion matrix
[[19 15  7  0  2 25 38  8  6  0]
 [ 1 26 15  6  0  4 55  5  9  0]
 [ 6 18 17  6  0  2 66  9  7  0]
 [ 1 27 26 11  3  3 47  6  9  0]
 [ 1 18 17  3  1  9 45  8  6  0]
 [ 7 12  7  0  2 32 35  7  6  0]
 [ 0 16  8  5  1  4 84  8  6  0]
 [ 4 11 25  2  1  3 44 30 12  0]
 [ 2 18 19  7  4  2 36  4 16  0]
 [ 8 10 18  5  1 11 52 10  8  0]]

accuracy	0.19407894736842105
start ecpoch 4 time 06:08:40.811673
[train] Epoch: 5/5 Loss: 2.1738848565636495 LR: [4.263302249040044e-06]

confusion matrix
[[112  21  18  32  38  79  23  41  28  50]
 [ 16  68  61  75  37  37  52  49  68  20]
 [ 32  56  60  67  37  43  76  56  47  36]
 [ 26  53  51  98  29  48  66  44  53  37]
 [ 27  33  24  50  54  68  49  66  29  50]
 [ 63  23  37  17  32 178  46  54  21  47]
 [ 17  49  49  56  37  72 119  53  32  26]
 [ 44  46  38  41  34  76  56 125  47  33]
 [ 26  38  40  53  37  43  42  50 112  33]
 [ 47  21  20  35  27  80  25  45  34  98]]

accuracy	0.21052631578947367
[test] Epoch: 5/5 Loss: 2.2548813768907596 LR: [4.263302249040044e-06]

confusion matrix
[[60 15  1  4 10 17  1  3  1  8]
 [12 55  1 22  9 13  1  4  1  3]
 [23 35  8 20 10 16  5  8  1  5]
 [17 34  5 37 13 16  1  4  3  3]
 [22 20  2 12 17 14  5  9  0  7]
 [34 16  3  1  4 39  1  8  1  1]
 [ 8 50  4 19 19 17  9  3  2  1]
 [22 34  8 15 13 15  3 18  3  1]
 [20 38  4 13 11  5  1  7  6  3]
 [26 18  5 16 10 15  2  9  2 20]]

accuracy	0.22121710526315788
