Device being used: cuda
{'train': 4864, 'test': 1216}
4864
start ecpoch 0 time 01:17:08.251804
[train] Epoch: 1/5 Loss: 2.6856147892969218 LR: [2.0263302249040045e-05]

confusion matrix
[[ 70  25  44  48  23  64  30  65  33  55]
 [ 44  56  45  57  33  45  57  56  53  36]
 [ 48  42  62  74  32  50  53  57  37  40]
 [ 39  43  61  68  36  52  48  63  50  48]
 [ 54  36  40  40  39  55  47  65  29  44]
 [ 73  27  22  53  38 113  55  52  27  50]
 [ 39  38  61  61  37  59  69  49  54  40]
 [ 81  40  54  61  46  62  41  59  53  47]
 [ 47  43  48  56  29  49  40  40  68  40]
 [ 48  42  29  41  41  64  46  45  40  56]]

accuracy	0.1356907894736842
[test] Epoch: 1/5 Loss: 2.552167735013523 LR: [2.0263302249040045e-05]

confusion matrix
[[10  0 24 51  0  4  0  2  2 12]
 [ 0  1 18 81  0  0  0  1 11 10]
 [ 0  0 18 99  0  4  0  5  5 15]
 [ 4  1 19 88  0  2  0  0 10  6]
 [ 6  0 11 68  1  3  0  1  7 12]
 [ 9  0 16 57  0  6  1  1 10 16]
 [ 6  1 23 92  0  0  0  3  5  5]
 [ 3  2 24 81  1  1  1  5  4  6]
 [ 2  1 29 77  0  0  0  1 10  2]
 [ 2  0  8 66  0  5  0  0  4 18]]

accuracy	0.12911184210526316
start ecpoch 1 time 01:34:55.490180
[train] Epoch: 2/5 Loss: 2.2677857313109073 LR: [2.0526604498080088e-05]

confusion matrix
[[ 93  22  33  36  24  85  28  45  32  59]
 [ 38  71  53  66  20  31  74  53  47  29]
 [ 51  58  65  60  31  40  58  56  43  33]
 [ 20  57  50  76  39  49  62  61  53  41]
 [ 46  31  40  41  40  66  54  52  33  46]
 [ 80  13  27  22  30 174  45  49  14  56]
 [ 27  42  55  74  41  52  81  68  40  27]
 [ 52  44  62  46  31  72  57  98  37  45]
 [ 34  54  51  64  26  43  36  34  74  44]
 [ 64  21  23  37  36  74  25  57  30  85]]

accuracy	0.17619243421052633
[test] Epoch: 2/5 Loss: 2.324448505906682 LR: [2.0526604498080088e-05]

confusion matrix
[[46  9  0  1  4  7  0  3 26  9]
 [25 36  0  4 10  3  1  6 35  2]
 [28 33  0  6 19 14  1  2 40  3]
 [23 19  0  5 16 10  3  2 48  4]
 [23  5  0  2 26 13  0  4 31  5]
 [38  7  0  1 14 28  0  1 22  5]
 [22 37  0  2 20 11  2 10 25  6]
 [28 15  0  1 27  5  0 11 39  2]
 [22 23  0  4  8  2  1  7 54  1]
 [33  8  0  0  7  5  0  2 31 17]]

accuracy	0.18503289473684212
start ecpoch 2 time 01:52:38.214391
[train] Epoch: 3/5 Loss: 2.1811066389476 LR: [2.0789906747120134e-05]

confusion matrix
[[ 95  28  25  32  32  80  24  43  33  65]
 [ 23  83  41  55  39  40  64  44  67  26]
 [ 37  52  52  56  46  42  77  55  44  34]
 [ 29  57  44  86  44  45  57  47  61  38]
 [ 31  29  22  48  60  70  60  53  32  44]
 [ 61  24  27  26  40 181  29  51  17  54]
 [ 25  51  42  45  49  47 122  53  38  35]
 [ 47  39  45  60  39  52  60 124  31  47]
 [ 32  62  40  51  28  21  50  56  82  38]
 [ 70  24  16  42  33  67  23  52  19 106]]

accuracy	0.20374177631578946
[test] Epoch: 3/5 Loss: 2.4914174830835116 LR: [2.0789906747120134e-05]

confusion matrix
[[ 1  9  0  0  0  5  0 33 21 36]
 [ 1 19  0  0  5  1  0 32 49 15]
 [ 0 29  0  0  7  1  0 44 42 23]
 [ 1 20  0  0  5  2  0 29 56 17]
 [ 0  6  0  0  9  4  0 34 13 43]
 [ 0  6  0  0  3 12  0 36 18 41]
 [ 0 25  0  0  7  4  6 50 22 21]
 [ 0  5  0  0  7  5  0 63 28 20]
 [ 1 14  0  0  0  1  0 19 69 18]
 [ 2  4  0  0  1  1  0 18 18 59]]

accuracy	0.19572368421052633
start ecpoch 3 time 02:10:15.112234
[train] Epoch: 4/5 Loss: 2.1108944171451425 LR: [2.1053208996160178e-05]

confusion matrix
[[120  22  20  32  28  84  29  46  22  54]
 [ 13  80  42  80  32  40  68  37  67  23]
 [ 25  34  69  59  44  43  82  62  45  32]
 [ 20  56  34  99  37  35  82  46  70  29]
 [ 29  31  33  27  72  74  56  56  25  46]
 [ 57  22  23  20  44 204  31  42  16  51]
 [ 26  43  41  50  38  40 146  64  30  29]
 [ 26  31  42  38  41  54  69 181  26  36]
 [ 32  46  31  67  32  17  42  52 108  33]
 [ 47  12  24  37  43  69  32  43  32 113]]

accuracy	0.2450657894736842
[test] Epoch: 4/5 Loss: 2.232132009377605 LR: [2.1053208996160178e-05]

confusion matrix
[[52  0  0  3  0 16  1 29  1  3]
 [18 14  2 11  0 14 13 42  7  1]
 [20  8  9  9  2 25 10 55  5  3]
 [19 13  9 19  2 12  8 43  4  1]
 [21  1  1 10  1 34  1 36  0  4]
 [38  2  0  0  1 52  4 19  0  0]
 [19  6  9  7  0 13 28 51  2  0]
 [10  1  1  4  2 11  5 89  4  1]
 [26 14  6 18  4  7  3 20 21  3]
 [29  0  1  6  0 18  2 21  9 17]]

accuracy	0.24835526315789475
start ecpoch 4 time 02:27:52.618141
[train] Epoch: 5/5 Loss: 2.038960539294701 LR: [2.131651124520022e-05]

confusion matrix
[[131  21  12  28  36  70  21  36  19  83]
 [ 27  98  20  58  29  24  78  40  89  19]
 [ 30  43  55  74  47  30  73  66  44  33]
 [ 24  69  25 114  38  31  76  45  58  28]
 [ 28  31  21  41  81  62  66  54  13  52]
 [ 63  15  16  30  44 219  35  39  14  35]
 [ 26  48  32  59  42  39 169  41  24  27]
 [ 32  30  21  48  45  56  66 175  40  31]
 [ 29  74  21  70  22  21  43  53 106  21]
 [ 66  17  13  38  34  44  27  43  20 150]]

accuracy	0.2668585526315789
[test] Epoch: 5/5 Loss: 6.526705666836785e+26 LR: [2.131651124520022e-05]

confusion matrix
[[ 17  48   2  12   1  14   1   2   7   1]
 [  0 106   0   1   0   3   2   1   9   0]
 [  2 105   2  11   0   7   8   5   6   0]
 [  2  84   1  22   1   1   4   2  13   0]
 [  0  67   2  12  10   3   3   6   5   1]
 [  0  56   3   9   2  33   3   4   6   0]
 [  0 100   1   1   0   3  20   2   8   0]
 [  1  95   2   0   0   3   6  11  10   0]
 [  0  72   0   4   0   2   0   7  37   0]
 [  6  51   1  18   2   2   1   5  14   3]]

accuracy	0.21463815789473684
