Device being used: cuda
init Dataloader
{'train': 4864, 'test': 1216}
4864
start ecpoch 0 time 21:10:56.561197
[train] Epoch: 1/5 Loss: 2.3071787325959456 LR: [0.00042109890109890113]

confusion matrix
[[ 21  27 100 100  44  81  33  23   6  16]
 [ 20  39 128 121  28  67  25  26  14  15]
 [ 25  38 104 146  29  83  34  20  14  32]
 [ 30  41 106 135  31  97  31  13   8  20]
 [ 23  25  91 112  29  86  23  23  16  19]
 [ 16  45 107 126  21  84  37  20  18  19]
 [ 19  39 122 135  35  80  48  19   9  11]
 [ 28  36 139 132  29  99  33  13  13  11]
 [ 15  40 113 114  30  82  24  30   4  13]
 [ 20  21 100 104  42  70  31  27   4  19]]

accuracy	0.10197368421052631
[test] Epoch: 1/5 Loss: 2.2980269099536694 LR: [0.00042109890109890113]

confusion matrix
[[ 0  0  0 18  0 27 41 24  1  0]
 [ 0  0  1 16  0 30 62 12  0  0]
 [ 0  0  7 13  0 21 56 19  0  0]
 [ 0  0  1 18  0 28 66 13  0  0]
 [ 0  0  6 28  0 24 44  9  0  0]
 [ 0  0  5 21  1 32 60 14  0  0]
 [ 0  0  1 14  0 36 55 19  0  0]
 [ 0  0  4 16  0 26 64 29  0  0]
 [ 0  0  2 14  0 13 61 27  0  0]
 [ 0  0  3 14  0 21 65 14  0  0]]

accuracy	0.11595394736842106
start ecpoch 1 time 21:16:33.526335
[train] Epoch: 2/5 Loss: 2.2981883224688078 LR: [0.00044219780219780224]

confusion matrix
[[ 29  17  76  49  48  70  82  32  43   5]
 [ 22  17  64  47  48  95  93  44  42  11]
 [ 26  12 100  58  55  93 101  39  27  14]
 [ 10  13  99  62  36  89 118  51  28   6]
 [ 29  10  72  47  59  76  83  28  32  11]
 [ 26  14  69  53  35  99 114  35  39   9]
 [ 27   7  97  53  43  98 114  39  30   9]
 [ 27  14  93  54  62 101  89  45  42   6]
 [ 22   8  85  47  59  66  98  30  44   6]
 [ 23  17  66  43  56  70  92  34  24  13]]

accuracy	0.1196546052631579
[test] Epoch: 2/5 Loss: 2.29678886187704 LR: [0.00044219780219780224]

confusion matrix
[[ 0 15  9 18 14  3 14 20 12  6]
 [ 0 22  8 15 19  9 11 18 15  4]
 [ 0 20  6 11 22  8 12 15 17  5]
 [ 0 28  8 22 14 12 13 10 12  7]
 [ 0 21  6 14 25  3 14 17  6  5]
 [ 0 23 10 18 20  6 16 20 13  7]
 [ 0 30  9 16 12  6  7 23 16  6]
 [ 0 19 14 19 17  7 11 23 23  6]
 [ 0 12  5 15 20  6 13 21 18  7]
 [ 0 24  8 10 25  5 10 16 15  4]]

accuracy	0.109375
start ecpoch 2 time 21:22:02.916116
[train] Epoch: 3/5 Loss: 2.2972852046552457 LR: [0.0004632967032967033]

confusion matrix
[[  7  56  49  80  33  26  32  99  60   9]
 [  8  79  65 106  37  32  27  65  56   8]
 [ 11  72  81 119  39  23  43  69  59   9]
 [  2  64  87 118  42  38  39  77  35  10]
 [  6  45  61  92  58  24  29  79  39  14]
 [  7  60  67  91  41  37  49  73  59   9]
 [ 15  66  67 117  40  27  56  69  46  14]
 [ 10  80  72 110  43  28  35  78  67  10]
 [ 10  54  57  80  37  25  38  97  62   5]
 [  5  48  70  79  29  33  31  97  34  12]]

accuracy	0.12088815789473684
[test] Epoch: 3/5 Loss: 2.3013210673081246 LR: [0.0004632967032967033]

confusion matrix
[[ 0  0  9 41  0 19 18  5  0 19]
 [ 0  0  6 46  0 18 23  4  0 24]
 [ 0  0  5 36  0 17 23  5  0 30]
 [ 0  0  9 51  0 14 28  7  0 17]
 [ 0  0  5 41  0 15 16  4  0 30]
 [ 0  0  6 53  0 14 29  4  0 27]
 [ 0  0  5 41  0 23 33  5  0 18]
 [ 0  0 12 46  0 11 31  8  0 31]
 [ 0  0  7 38  0  8 25  2  0 37]
 [ 0  0  8 36  0 10 28  4  0 31]]

accuracy	0.11677631578947369
start ecpoch 3 time 21:27:29.741828
[train] Epoch: 4/5 Loss: 2.295827683649565 LR: [0.0004843956043956044]

confusion matrix
[[ 15   7  74 101  37  51  56  73  26  11]
 [ 16  18  60 133  26  51  58  78  34   9]
 [ 15   9  83 131  37  57  69  73  32  19]
 [ 20   7 102 139  29  46  74  73  13   9]
 [ 14   8  53 118  49  52  50  61  26  16]
 [ 11  11  62 118  39  54  69  68  48  13]
 [ 13   9  54 144  32  51  84  66  43  21]
 [ 21  13  66 138  45  51  68  82  34  15]
 [ 14  10  76  96  26  58  63  57  41  24]
 [  8   9  66 115  36  58  43  64  16  23]]

accuracy	0.12088815789473684
[test] Epoch: 4/5 Loss: 2.29434481420015 LR: [0.0004843956043956044]

confusion matrix
[[ 0  4  0 13 15 36  9 26  3  5]
 [ 0 10  2 15 19 33 17 15  5  5]
 [ 0  5  0 11 22 30 17 21  5  5]
 [ 0  6  0 14 16 41 24 15  6  4]
 [ 0  9  1 15 26 27 14 11  4  4]
 [ 0  6  0 15 22 41 18 18  7  6]
 [ 0 12  1 15 12 29 22 22  6  6]
 [ 0  4  1 18 20 30 18 31 10  7]
 [ 0  2  1  9 21 26 14 29  8  7]
 [ 0  3  0 12 25 27 24 16  6  4]]

accuracy	0.12828947368421054
start ecpoch 4 time 21:32:53.273126
[train] Epoch: 5/5 Loss: 2.2908531176416496 LR: [0.0005054945054945055]

confusion matrix
[[ 35  25  50  73  39  70  64  61  24  10]
 [ 13  44  58  99  36  67  58  72  33   3]
 [ 20  33  82 109  42  51  74  79  25  10]
 [ 11  28  77 125  44  63  76  66  19   3]
 [  8  21  61  88  63  50  56  68  25   7]
 [ 15  34  55 104  34  82  72  48  36  13]
 [ 16  29  65 110  42  54  92  61  39   9]
 [ 21  35  58 112  57  63  69  80  34   4]
 [ 19  33  44  93  48  51  48  73  48   8]
 [ 11  30  63 105  43  47  56  55  19   9]]

accuracy	0.1356907894736842
[test] Epoch: 5/5 Loss: 2.2985104447916935 LR: [0.0005054945054945055]

confusion matrix
[[15  8  0 27 13 21  4 13  5  5]
 [ 5 12  0 26 18 21  7 13 14  5]
 [ 7  7  0 25 22 20 12  8 10  5]
 [ 2 11  0 36 13 21 13 14 11  5]
 [ 3 14  0 28 25 10  7 11  9  4]
 [ 2 11  0 29 21 21 14 19  9  7]
 [ 8 15  0 27 12 12 18 16 10  7]
 [11  7  0 36 18 18  6 16 19  8]
 [ 7  2  0 24 17 24  5  8 23  7]
 [ 4  7  0 29 25 14 11  9 14  4]]

accuracy	0.13980263157894737
