Device being used: cuda
init Dataloader
{'train': 4864, 'test': 1216}
4864
start ecpoch 0 time 19:33:08.958484
[train] Epoch: 1/5 Loss: 2.310981703431983 LR: [4.210989010989011e-05]

confusion matrix
[[ 52  63  42   0  22 156   1   0  36  95]
 [ 48  41  44   0  36 174   2   0  55  80]
 [ 62  57  36   0  39 173   3   0  63  87]
 [ 72  69  37   0  37 180   3   0  52  54]
 [ 55  49  35   0  37 167   1   0  42  59]
 [ 59  41  36   0  40 181   1   0  74  63]
 [ 44  51  36   0  45 159   5   0  76  86]
 [ 53  62  37   0  41 181   1   0  55 102]
 [ 40  51  46   0  36 131   1   0  58 100]
 [ 66  46  30   0  37 154   5   0  44  74]]

accuracy	0.09950657894736842
[test] Epoch: 1/5 Loss: 2.301934179506804 LR: [4.210989010989011e-05]

confusion matrix
[[11 11 11  0  4 35  1  0  5 17]
 [17 12 22  0 10 43  3  0  6 11]
 [20 10 17  0  5 45  1  0 10 13]
 [17 14 25  0 13 43  0  0 13  9]
 [10  8 23  0  8 43  1  0  8 12]
 [19 15 22  0  8 48  0  0  6 13]
 [18  4 19  0 14 42  2  0 19 22]
 [13  9 29  0 12 49  0  0  7 21]
 [ 8  6 18  0 11 45  2  0  8 21]
 [14 13 19  0  6 30  0  0  6 11]]

accuracy	0.0962171052631579
start ecpoch 1 time 19:38:48.536926
[train] Epoch: 2/5 Loss: 2.3032135955597224 LR: [4.421978021978023e-05]

confusion matrix
[[ 81  50  56  15  30 139   4   2  12  78]
 [ 76  39  75  15  24 158   8  12  12  61]
 [ 97  39  67  20  28 171   7   1  21  69]
 [ 97  41  77  17  26 174  12   4  15  41]
 [ 84  26  56  25  27 160   3   2  10  52]
 [ 84  48  71  15  27 176   6   1  24  43]
 [ 89  31  83  12  41 140   8   7  26  65]
 [ 91  41  82  13  29 172   6   7  10  81]
 [ 74  38  80  17  33 133   7  11  12  58]
 [ 83  28  60  12  37 154   8   5  15  54]]

accuracy	0.10032894736842106
[test] Epoch: 2/5 Loss: 2.297674740615644 LR: [4.421978021978023e-05]

confusion matrix
[[ 9  4 13  8  0 29  8 12  2 10]
 [12  8 15 11  2 42 16  4  5  9]
 [17  8 17 12  3 39  7  9  2  7]
 [13  2 22 17  2 41 10  3 10 14]
 [10  4 17 10  4 43  3  9  5  8]
 [12 17 18 13  2 45  7  7  1  9]
 [ 5 12 21 16  9 37 10 13 12  5]
 [12  4 22 10  5 50  9 18  3  7]
 [ 8 11 17  9  5 32  8 10  6 13]
 [16 11 17  4  1 28  2  5  3 12]]

accuracy	0.12006578947368421
start ecpoch 2 time 19:44:31.830353
[train] Epoch: 3/5 Loss: 2.298293895627323 LR: [4.6329670329670335e-05]

confusion matrix
[[ 26  56  62  71  32 117  25  37   2  39]
 [ 26  48  69  65  40 128  33  38   0  33]
 [ 40  53  69  75  43 127  31  38   4  40]
 [ 31  39  70  81  36 140  43  21   2  41]
 [ 39  33  52  63  44  98  36  32   0  48]
 [ 29  59  85  76  28 137  27  14   3  37]
 [ 32  46  75  77  38 128  39  33   6  28]
 [ 39  55  66  67  53 134  30  44   4  40]
 [ 20  46  75  72  37  96  29  62   3  23]
 [ 31  34  68  69  27 111  33  34   3  46]]

accuracy	0.11040296052631579
[test] Epoch: 3/5 Loss: 2.295847547681708 LR: [4.6329670329670335e-05]

confusion matrix
[[ 0  1  6 14  8 28 11 18  0  9]
 [ 0  3 10 17  8 44 20 15  0  7]
 [ 0  3 17 16  7 38 16 16  0  8]
 [ 0  2 11 20 11 47 18 16  0  9]
 [ 0  2 17 20 17 29  7 15  0  6]
 [ 0 15  9 20 12 40 13 13  0  9]
 [ 0  2 17 26 13 46  9 22  0  5]
 [ 0  1 21 24 15 39 11 23  0  6]
 [ 0  4 18 13 16 30 10 17  0 11]
 [ 0  3 12 10 11 29 10 17  0  7]]

accuracy	0.1118421052631579
start ecpoch 3 time 19:50:14.791595
[train] Epoch: 4/5 Loss: 2.29521029324908 LR: [4.843956043956044e-05]

confusion matrix
[[  8  16  65  72  41  98  40  98  10  19]
 [  5  16  87  58  42 114  42  86   5  25]
 [  7  19  89  78  50 112  45  85  14  21]
 [  4  21  86  96  33 135  49  62   1  17]
 [  7  14  74  68  62  87  48  58   3  24]
 [ 12  23 106  59  40 128  41  58   5  23]
 [  6  14  98  94  44 109  44  64   8  21]
 [ 12  25 100  67  49 114  40  97   7  21]
 [  5  10  91  68  41  91  40  97   3  17]
 [  3  14  76  72  49 112  46  59   4  21]]

accuracy	0.11595394736842106
[test] Epoch: 4/5 Loss: 2.296041545115019 LR: [4.843956043956044e-05]

confusion matrix
[[ 0  0  4 17 19 17 17 20  0  1]
 [ 0  3  8 27 13 22 34 17  0  0]
 [ 0  3  8 24 16 20 30 20  0  0]
 [ 0  4  7 30 19 33 22 19  0  0]
 [ 0  1 13 24 26 19 12 18  0  0]
 [ 0  3  6 29 24 25 19 25  0  0]
 [ 0  0 12 41 15 28 19 25  0  0]
 [ 1  3 14 32 23 20 22 25  0  0]
 [ 0  3 12 16 28 19 19 22  0  0]
 [ 0  2  9 18 14 17 18 21  0  0]]

accuracy	0.1118421052631579
start ecpoch 4 time 19:55:59.330542
[train] Epoch: 5/5 Loss: 2.2936726541895616 LR: [5.054945054945055e-05]

confusion matrix
[[  6  11  42  96  59  87  36 109  14   7]
 [  3  13  51  97  60 102  42  87  16   9]
 [  3  11  55 125  72  94  47  99   9   5]
 [  9   9  62 132  60  95  50  73   4  10]
 [  7   6  58 102  89  67  41  61   5   9]
 [  6   8  70 109  60 111  44  69  12   6]
 [ 14   7  68 111  58 109  47  74  10   4]
 [ 14  11  71 108  65  92  43 109   7  12]
 [  1  12  59  97  50  82  41 105   7   9]
 [  7   8  57  99  72  78  52  70   5   8]]

accuracy	0.1186266447368421
[test] Epoch: 5/5 Loss: 2.29446689392391 LR: [5.054945054945055e-05]

confusion matrix
[[ 0  0  8 16 19 20 10 20  0  2]
 [ 0  2 17 20 13 31 23 17  0  1]
 [ 0  0 10 25 16 27 20 20  2  1]
 [ 0  0 18 20 19 41 14 19  0  3]
 [ 0  0 13 22 26 23  9 18  1  1]
 [ 0  3  6 25 24 31 16 25  0  1]
 [ 0  0 10 27 15 43 14 25  1  5]
 [ 0  0 22 21 23 31 17 26  0  0]
 [ 0  0 15 13 28 22 17 22  1  1]
 [ 1  0 10 12 14 26 12 20  0  4]]

accuracy	0.11019736842105263
6261
{'train': 5008, 'test': 1253}
