Device being used: cuda
init Dataloader
{'train': 4864, 'test': 1216}
4864
start ecpoch 0 time 20:38:44.958661
[train] Epoch: 1/5 Loss: 2.3127348470060447 LR: [4.210989010989011e-06]

confusion matrix
[[ 30  59  26   0  24 141   0   0  31 127]
 [ 51  65  31   0  25 162   0   0  39  95]
 [ 49  76  24   0  29 174   1   0  52 115]
 [ 54  74  28   0  31 211   0   0  50  69]
 [ 41  65  24   0  32 180   0   0  45  70]
 [ 33  68  21   0  23 214   1   0  65  98]
 [ 42  53  28   0  36 169   0   0  78 101]
 [ 47  70  23   0  37 189   0   0  40 127]
 [ 32  49  23   0  31 154   0   0  49 123]
 [ 36  59  20   0  36 168   0   0  39  82]]

accuracy	0.10197368421052631
[test] Epoch: 1/5 Loss: 2.321775298369558 LR: [4.210989010989011e-06]

confusion matrix
[[12 15 14  0  9 48  0  0  9 17]
 [16  9 17  0 11 48  0  0 15 20]
 [10 10  9  0 11 48  0  0 16 17]
 [13 13 10  0 24 40  0  0 15  6]
 [ 6 10 10  0 11 41  0  0  6 17]
 [11 10  8  0  8 38  0  0 12 16]
 [14 13 12  0 14 48  0  0 23 11]
 [12 15 12  0 12 48  0  0 17 23]
 [ 7 11 18  0 16 37  0  0 13 19]
 [17 14  6  0 13 40  0  0 13 12]]

accuracy	0.08552631578947369
start ecpoch 1 time 20:44:18.911306
[train] Epoch: 2/5 Loss: 2.310562845907713 LR: [4.4219780219780215e-06]

confusion matrix
[[ 38  53  25   0  18 151   0   0  34 119]
 [ 61  53  25   0  33 171   0   0  44  81]
 [ 48  52  19   0  43 195   1   0  54 108]
 [ 50  72  26   0  35 211   0   0  53  70]
 [ 43  67  25   0  31 174   0   0  49  68]
 [ 40  38  30   0  30 226   1   0  67  91]
 [ 39  55  22   0  47 167   1   0  73 103]
 [ 44  67  34   0  27 192   1   0  39 129]
 [ 34  35  29   0  32 172   0   0  46 113]
 [ 34  49  18   0  39 176   1   0  40  83]]

accuracy	0.10217927631578948
[test] Epoch: 2/5 Loss: 2.3337101403035616 LR: [4.4219780219780215e-06]

confusion matrix
[[  0   0   0   0   0   0   0   0   0 124]
 [  0   0   0   0   0   0   0   0   0 136]
 [  0   0   0   0   0   0   0   0   0 121]
 [  0   0   0   0   0   0   0   0   0 121]
 [  0   0   0   0   0   0   0   0   0 101]
 [  0   0   0   0   0   0   0   0   0 103]
 [  0   0   0   0   0   0   0   0   0 135]
 [  0   0   0   0   0   0   0   0   0 139]
 [  0   0   0   0   0   0   0   0   0 121]
 [  0   0   0   0   0   0   0   0   0 115]]

accuracy	0.09457236842105263
start ecpoch 2 time 20:49:45.200201
[train] Epoch: 3/5 Loss: 2.3086957531540016 LR: [4.632967032967033e-06]

confusion matrix
[[ 33  46  24   0  29 158   1   0  30 117]
 [ 53  61  26   0  35 166   0   0  41  86]
 [ 48  48  24   0  48 200   0   0  50 102]
 [ 56  56  33   0  43 217   2   0  50  60]
 [ 45  56  19   0  43 178   0   0  44  72]
 [ 40  55  25   0  31 221   0   0  62  89]
 [ 47  41  23   0  40 188   0   0  68 100]
 [ 34  45  26   0  41 214   2   0  41 130]
 [ 31  49  26   0  34 171   0   0  44 106]
 [ 34  43  21   0  42 171   0   0  44  85]]

accuracy	0.10505756578947369
[test] Epoch: 3/5 Loss: 2.3308617535390352 LR: [4.632967032967033e-06]

confusion matrix
[[  0   0   0   0   0   0   0   0   0 124]
 [  0   0   0   0   0   0   0   0   0 136]
 [  0   0   0   0   0   0   0   0   0 121]
 [  0   0   0   0   0   0   0   0   0 121]
 [  0   0   0   0   0   0   0   0   0 101]
 [  0   0   0   0   0   0   0   0   0 103]
 [  0   0   0   0   0   0   0   0   0 135]
 [  0   0   0   0   0   0   0   0   0 139]
 [  0   0   0   0   0   0   0   0   0 121]
 [  0   0   0   0   0   0   0   0   0 115]]

accuracy	0.09457236842105263
start ecpoch 3 time 20:55:11.535919
[train] Epoch: 4/5 Loss: 2.307809085438126 LR: [4.843956043956044e-06]

confusion matrix
[[ 37  42  19   0  35 164   0   0  33 108]
 [ 48  38  29   0  34 190   3   0  37  89]
 [ 47  44  35   0  51 197   2   0  49  95]
 [ 53  55  21   0  45 218   1   0  49  75]
 [ 47  47  24   0  45 179   1   0  40  74]
 [ 41  34  32   0  34 227   3   0  62  90]
 [ 50  47  26   0  39 178   1   0  73  93]
 [ 44  48  39   0  38 219   3   0  35 107]
 [ 25  35  37   0  29 186   3   0  36 110]
 [ 44  47  14   0  45 166   1   0  45  78]]

accuracy	0.10217927631578948
[test] Epoch: 4/5 Loss: 2.3270495784910104 LR: [4.843956043956044e-06]

confusion matrix
[[  0   0   0   0   0   0   0   0   0 124]
 [  0   0   0   0   0   0   0   0   0 136]
 [  0   0   0   0   0   0   0   0   0 121]
 [  0   0   0   0   0   0   0   0   0 121]
 [  0   0   0   0   0   0   0   0   0 101]
 [  0   0   0   0   0   0   0   0   0 103]
 [  0   0   0   0   0   0   0   0   0 135]
 [  0   0   0   0   0   0   0   0   0 139]
 [  0   0   0   0   0   0   0   0   0 121]
 [  0   0   0   0   0   0   0   0   0 115]]

accuracy	0.09457236842105263
start ecpoch 4 time 21:00:35.266723
[train] Epoch: 5/5 Loss: 2.3071020786699497 LR: [5.054945054945055e-06]

confusion matrix
[[ 36  37  27   0  24 178   1   0  30 105]
 [ 47  37  25   0  34 204   2   0  41  78]
 [ 47  40  32   0  49 213   1   0  48  90]
 [ 49  44  25   0  42 249   2   0  51  55]
 [ 37  39  20   0  45 207   0   0  40  69]
 [ 49  30  28   0  35 244   1   0  59  77]
 [ 24  33  29   0  47 208   1   0  75  90]
 [ 39  43  32   0  39 227   3   0  30 120]
 [ 28  32  31   0  32 184   1   0  40 113]
 [ 40  36  20   0  44 186   0   0  36  78]]

accuracy	0.10546875
[test] Epoch: 5/5 Loss: 2.328087900814257 LR: [5.054945054945055e-06]

confusion matrix
[[  0   0   0   0   0   0   0   0   0 124]
 [  0   0   0   0   0   0   0   0   0 136]
 [  0   0   0   0   0   0   0   0   0 121]
 [  0   0   0   0   0   0   0   0   0 121]
 [  0   0   0   0   0   0   0   0   0 101]
 [  0   0   0   0   0   0   0   0   0 103]
 [  0   0   0   0   0   0   0   0   0 135]
 [  0   0   0   0   0   0   0   0   0 139]
 [  0   0   0   0   0   0   0   0   0 121]
 [  0   0   0   0   0   0   0   0   0 115]]

accuracy	0.09457236842105263
6261
{'train': 5008, 'test': 1253}
