Device being used: cuda
init Dataloader
{'train': 4864, 'test': 1216}
4864
start ecpoch 0 time 20:06:29.764293
[train] Epoch: 1/5 Loss: 2.3113848049389687 LR: [2.1054945054945056e-05]

confusion matrix
[[ 34  58  26   0  30 157   0   0  31 104]
 [ 42  46  36   0  40 180   0   0  37 106]
 [ 45  55  25   0  51 189   1   0  59  98]
 [ 49  55  33   0  48 206   1   0  52  74]
 [ 35  47  28   0  50 170   0   0  33  89]
 [ 50  34  33   0  31 198   1   0  62  84]
 [ 37  46  31   0  53 170   0   0  72 106]
 [ 34  59  43   0  48 175   0   0  42 127]
 [ 33  43  29   0  32 172   2   0  40 121]
 [ 36  45  26   0  54 159   0   0  36  80]]

accuracy	0.09724506578947369
[test] Epoch: 1/5 Loss: 2.3122793373308683 LR: [2.1054945054945056e-05]

confusion matrix
[[13 18 17  0  8 32  0  0  7 27]
 [15  6 14  0 16 39  0  0 10 17]
 [11 11  8  0 16 40  0  0 11 21]
 [14 16 13  0 25 38  0  0  8  6]
 [ 7 12 10  0 14 40  0  0 14  9]
 [12 11 13  0 23 49  0  0 12 13]
 [13 12  7  0 20 41  0  0 17 17]
 [13 11 14  0 19 53  0  0  9 25]
 [11  8 13  0 19 27  0  0 11 21]
 [15  6 15  0 21 37  0  0 13 12]]

accuracy	0.09292763157894737
start ecpoch 1 time 20:12:06.564001
[train] Epoch: 2/5 Loss: 2.306672541718734 LR: [2.2109890109890113e-05]

confusion matrix
[[ 23  60  44   0  42 168   0   0  19  84]
 [ 38  64  47   0  43 185   4   0  26  80]
 [ 59  58  44   1  47 191   7   0  37  79]
 [ 48  75  55   0  45 194   3   0  40  58]
 [ 33  49  43   0  47 180   5   0  21  74]
 [ 34  62  59   1  35 205   3   0  36  58]
 [ 42  72  47   1  44 174   6   0  55  74]
 [ 30  73  68   0  38 203   7   1  19  89]
 [ 24  72  55   1  40 171   4   0  18  87]
 [ 34  62  35   0  49 154   4   0  25  73]]

accuracy	0.09888980263157894
[test] Epoch: 2/5 Loss: 2.3091594388610437 LR: [2.2109890109890113e-05]

confusion matrix
[[ 4 38 15  0  7 46  2  0  4  6]
 [ 3 20 17  0  9 57  2  0  5  4]
 [ 6 34 12  0  9 45  3  0  6  3]
 [ 6 35 13  1 13 45  2  0  4  1]
 [ 4 23 12  0  5 44  3  0  8  7]
 [ 1 20 16  0 14 70  1  0  5  6]
 [ 5 22 11  0 12 55  4  0 12  6]
 [ 6 32 11  0 11 67  1  0  6 10]
 [ 2 31 16  0 10 41  3  0  4  3]
 [ 4 20 14  1 15 55  1  0  7  2]]

accuracy	0.10032894736842106
start ecpoch 2 time 20:17:33.641147
[train] Epoch: 3/5 Loss: 2.3006658530549 LR: [2.3164835164835167e-05]

confusion matrix
[[ 18 111  41   8  36 142   7   1  21  55]
 [ 28 114  64   9  40 154   5   1  20  52]
 [ 35 107  59  10  48 150  11   3  24  76]
 [ 24 107  60  11  49 166   7   0  36  58]
 [ 24  88  49   6  50 147   6   1  14  67]
 [ 28 105  68   4  32 181   5   0  24  46]
 [ 25 112  67   9  50 144  11   0  46  51]
 [ 20 129  68  13  47 155   7   1  20  68]
 [ 17 107  73   6  38 145   7   3  15  61]
 [ 22  95  46  13  47 130   7   1  17  58]]

accuracy	0.10649671052631579
[test] Epoch: 3/5 Loss: 2.305547623257888 LR: [2.3164835164835167e-05]

confusion matrix
[[ 5 41 20  7  4 29  2  2  4  8]
 [ 3 23 21  3 12 37  2  0  3 13]
 [ 4 37 17  5  7 32  4  1  3  8]
 [ 4 34 20 10  6 35  2  0  3  6]
 [ 3 27 18  5  4 24  1  2  6 16]
 [ 2 22 27 16  9 31  3  0  5 18]
 [ 4 23 22 10  8 33  6  0  8 13]
 [ 4 39 23  4 12 45  3  1  2 11]
 [ 2 29 25  8 12 24  2  0  2  6]
 [ 3 23 21  9 10 36  1  2  5  9]]

accuracy	0.08881578947368421
start ecpoch 3 time 20:22:57.371572
[train] Epoch: 4/5 Loss: 2.2990076032124067 LR: [2.421978021978022e-05]

confusion matrix
[[  5 114  51  24  28 122  18   9  14  55]
 [ 15  98  78  26  43 143  11  10  17  46]
 [ 19 107  77  39  41 141  17   6  17  59]
 [ 18  89  67  38  44 166  13   6  34  43]
 [ 13  65  66  36  38 123  19  11  20  61]
 [  8  89  73  26  36 162  16   9  21  53]
 [ 17 110  94  39  34 126  12   8  35  40]
 [ 18 109  83  26  45 146  20  13  19  49]
 [ 17 111  75  26  33 126  14   7  13  50]
 [ 14  83  52  25  38 122  20   9  25  48]]

accuracy	0.10361842105263158
[test] Epoch: 4/5 Loss: 2.3046086242324426 LR: [2.421978021978022e-05]

confusion matrix
[[ 0 27 15 24  8 22  8  8  4  6]
 [ 2 14 25 11 17 28  7  2  2  9]
 [ 0 25 21 12 11 22 13  3  3  8]
 [ 1 11 23 21 10 28 14  4  2  6]
 [ 1  4 20 14 12 18 15  7  2 13]
 [ 0 16 28 18 17 27  9  5  3 10]
 [ 1 16 33 16 11 21  9  4  4 12]
 [ 2 11 29 18 19 33 10 12  1  9]
 [ 0 13 31 15 13 17  7  7  0  7]
 [ 0 10 26 20 15 22  6 11  3  6]]

accuracy	0.10032894736842106
start ecpoch 4 time 20:28:24.162901
[train] Epoch: 5/5 Loss: 2.2982385778113414 LR: [2.5274725274725276e-05]

confusion matrix
[[  4  91  67  47  39  88   7  28  21  48]
 [  9  81  93  57  41 110   8  26  20  42]
 [ 13  85  78  65  53 102  17  25  28  57]
 [ 10  72  83  67  50 125  12  23  27  49]
 [  4  69  63  60  51  87  13  27  14  64]
 [ 11  80  86  50  36 132   9  22  23  44]
 [  6  85 102  70  40 103   8  26  36  39]
 [ 13  77  94  53  49 112  16  42  15  57]
 [  5  68  89  52  48 101   9  48   9  43]
 [  7  67  55  44  54  98   9  29  15  58]]

accuracy	0.10896381578947369
[test] Epoch: 5/5 Loss: 2.3023729198857357 LR: [2.5274725274725276e-05]

confusion matrix
[[ 0 15 11 30  2 24  8 21  3  8]
 [ 0 10 19 17  6 27  7 13  4 14]
 [ 1 11 17 15  4 24 12 19  3 12]
 [ 0 14 22 30  5 25 10  5  2  7]
 [ 1 11 20 17  7 17  8  6  2 17]
 [ 1 21 24 30  6 22  4  5  3 17]
 [ 0 13 22 24  4 23 10 11  7 13]
 [ 3  6 24 21  9 31 10 24  1 15]
 [ 0 12 23 22  5 17  6 13  3  9]
 [ 0 16 21 33  1 16  4 13  3 12]]

accuracy	0.11101973684210527
6261
{'train': 5008, 'test': 1253}
