Device being used: cuda
{'train': 4864, 'test': 1216}
4864
start ecpoch 0 time 10:16:33.798344
[train] Epoch: 1/5 Loss: 2.3246904714523176 LR: [2.0263302249040045e-05]

confusion matrix
[[ 1 25 74 56 36 81 75 56 28 13]
 [ 1 33 76 64 47 77 67 65 41 11]
 [ 0 38 79 52 46 84 86 64 46 16]
 [ 3 38 79 65 47 81 78 65 41 16]
 [ 1 38 79 45 50 84 76 51 27 16]
 [ 2 30 88 53 43 88 86 63 32  9]
 [ 2 47 80 45 43 86 85 59 63 14]
 [ 3 41 88 64 53 81 77 66 34 19]
 [ 1 28 73 44 44 79 87 51 45 10]
 [ 0 32 90 35 44 77 74 59 18 11]]

accuracy	0.10752467105263158
[test] Epoch: 1/5 Loss: 2.319468240988882 LR: [2.0263302249040045e-05]

confusion matrix
[[  0 115   0   2   0   0   0   0   0   0]
 [  0 122   0   0   0   0   0   0   0   0]
 [  0 129   0   1   0   0   0   0   0   0]
 [  0 123   0   2   0   0   0   0   0   0]
 [  0  91   0   0   0   0   0   0   0   0]
 [  0 132   0   0   0   0   0   0   0   0]
 [  0 118   0   0   0   0   0   0   0   0]
 [  0 144   0   2   0   0   0   0   0   0]
 [  0 120   0   0   0   0   0   0   0   0]
 [  0 115   0   0   0   0   0   0   0   0]]

accuracy	0.10197368421052631
start ecpoch 1 time 10:24:08.775253
[train] Epoch: 2/5 Loss: 2.3181261389859413 LR: [2.0526604498080088e-05]

confusion matrix
[[  5  62  76  71  14  36  95  54  32   0]
 [  9  59  89  81   8  34 103  65  33   1]
 [ 13  66  81  78  13  33 127  64  36   0]
 [  8  67  93  77  19  43 116  56  34   0]
 [ 11  56  83  74  10  32  98  57  46   0]
 [  5  54  88  87  12  32 115  67  34   0]
 [ 11  54  91  88  15  45 112  61  47   0]
 [  7  73  72 100  14  38 132  52  38   0]
 [  8  61  79  69   6  36 116  52  35   0]
 [  5  53  65  70  16  37  91  61  42   0]]

accuracy	0.0951891447368421
[test] Epoch: 2/5 Loss: 2.3292417196851027 LR: [2.0526604498080088e-05]

confusion matrix
[[  0   0   3 105   9   0   0   0   0   0]
 [  0   0  12  96  14   0   0   0   0   0]
 [  0   0  14 104  12   0   0   0   0   0]
 [  0   0  13  94  18   0   0   0   0   0]
 [  0   0   6  74  11   0   0   0   0   0]
 [  0   0   7 112  13   0   0   0   0   0]
 [  0   0  11  92  15   0   0   0   0   0]
 [  0   0  14 124   8   0   0   0   0   0]
 [  0   0  12 102   6   0   0   0   0   0]
 [  0   0  11  97   7   0   0   0   0   0]]

accuracy	0.09786184210526316
start ecpoch 2 time 10:31:44.235030
[train] Epoch: 3/5 Loss: 2.312927662149856 LR: [2.0789906747120134e-05]

confusion matrix
[[  6  39  55  82  23  87  52  52  49   0]
 [  2  55  61  95  30  73  54  54  57   1]
 [  5  54  58  96  29  89  62  65  51   2]
 [  2  47  57 108  31  94  64  64  43   3]
 [  4  37  58  99  30  75  52  68  42   2]
 [  6  40  37 109  24  76  77  82  42   1]
 [  4  58  56  97  32  78  65  82  52   0]
 [  1  50  54 107  38  90  67  58  60   1]
 [  5  58  50  70  27  81  63  42  65   1]
 [  2  36  40  99  21  76  54  68  43   1]]

accuracy	0.10731907894736842
[test] Epoch: 3/5 Loss: 2.315318143681476 LR: [2.0789906747120134e-05]

confusion matrix
[[  0 106   0   0   0   0  11   0   0   0]
 [  0  99   0   0   0   0  23   0   0   0]
 [  0 107   0   0   0   0  23   0   0   0]
 [  0  97   0   0   0   0  28   0   0   0]
 [  0  75   0   0   0   0  16   0   0   0]
 [  0 114   0   0   0   0  18   0   0   0]
 [  0  95   0   0   0   0  23   0   0   0]
 [  0 126   0   0   0   0  20   0   0   0]
 [  0 104   0   0   0   0  16   0   0   0]
 [  0 102   0   0   0   0  13   0   0   0]]

accuracy	0.10032894736842106
start ecpoch 3 time 10:39:20.276949
[train] Epoch: 4/5 Loss: 2.3102246366049113 LR: [2.1053208996160178e-05]

confusion matrix
[[ 19  50  33  95   5  31 104  59  32  17]
 [ 19  52  34  92   7  45 126  68  25  14]
 [ 19  57  24 128   7  45 101  75  42  13]
 [ 23  54  36 130  14  36 111  66  30  13]
 [ 17  36  22 126   6  48 101  66  34  11]
 [ 22  34  38 124   9  47 108  51  38  23]
 [ 12  47  39 115  11  46 123  74  49   8]
 [ 17  55  33 134   4  42 108  74  44  15]
 [ 20  38  27  95   6  30 122  68  43  13]
 [ 27  37  28 106   7  40  92  62  29  12]]

accuracy	0.10896381578947369
[test] Epoch: 4/5 Loss: 2.3094977995282724 LR: [2.1053208996160178e-05]

confusion matrix
[[  0   0   0   0   0   0 117   0   0   0]
 [  0   0   0   0   0   0 122   0   0   0]
 [  0   0   0   0   0   0 130   0   0   0]
 [  0   0   0   0   0   0 125   0   0   0]
 [  0   0   0   0   0   0  91   0   0   0]
 [  0   0   0   0   0   0 132   0   0   0]
 [  0   0   0   0   0   0 118   0   0   0]
 [  0   0   0   0   0   0 146   0   0   0]
 [  0   0   0   0   0   0 120   0   0   0]
 [  0   0   0   0   0   0 115   0   0   0]]

accuracy	0.09703947368421052
start ecpoch 4 time 10:46:58.603901
[train] Epoch: 5/5 Loss: 2.3112552283625853 LR: [2.131651124520022e-05]

confusion matrix
[[  4  26  75  81  49  37  88  56  27   2]
 [ 12  27  79  82  55  33  91  71  32   0]
 [ 16  37  94  79  62  50  94  55  23   1]
 [  8  26  94 115  59  32  84  71  24   0]
 [  9  23  89  76  62  34  87  67  20   0]
 [ 10  24  79  87  58  37 114  55  30   0]
 [ 11  33  92  87  50  45 103  69  34   0]
 [ 11  24  97  87  64  36 120  62  24   1]
 [  7  29  85  75  45  41  96  52  32   0]
 [  7  21  69  83  56  33  85  57  27   2]]

accuracy	0.11060855263157894
[test] Epoch: 5/5 Loss: 2.3152838529724824 LR: [2.131651124520022e-05]

confusion matrix
[[ 0  0  0 54 31  0 32  0  0  0]
 [ 0  0  0 62 29  0 31  0  0  0]
 [ 0  0  0 59 37  0 34  0  0  0]
 [ 0  0  0 70 27  0 28  0  0  0]
 [ 0  0  0 41 28  0 22  0  0  0]
 [ 0  0  0 57 41  0 34  0  0  0]
 [ 0  0  0 54 29  0 35  0  0  0]
 [ 0  0  0 73 40  0 33  0  0  0]
 [ 0  0  0 46 34  0 40  0  0  0]
 [ 0  0  0 55 34  0 26  0  0  0]]

accuracy	0.109375
