Device being used: cuda
{'train': 4864, 'test': 1216}
4864
start ecpoch 0 time 09:00:49.481522
[train] Epoch: 1/5 Loss: 2.314196821792345 LR: [4.052660449808009e-06]

confusion matrix
[[  9  24  44 135   1  67  58 111  11   0]
 [  8  13  57 153   0  80  46 115  13   0]
 [  9  23  52 180   0  70  50 108  18   0]
 [ 13  19  60 189   0  63  46 128  13   0]
 [ 11  20  43 141   0  71  49 106  11   0]
 [ 12  21  58 168   0  74  32 117  12   0]
 [ 10  15  65 152   0  86  61 111  13   0]
 [ 17  24  61 158   0  76  67 108  13   0]
 [ 17  21  58 117   0  68  55 119  10   0]
 [ 20  17  62 122   0  67  46  85  11   0]]

accuracy	0.10608552631578948
[test] Epoch: 1/5 Loss: 2.3120904580542914 LR: [4.052660449808009e-06]

confusion matrix
[[  0   0   0  23   0   0  69  10   0   0]
 [  0   0   0  28   0   0  81  10   0   0]
 [  0   0   0  21   0   0  97  13   0   0]
 [  0   0   0  19   0   0  77  11   0   0]
 [  0   0   0  17   0   0  78  11   0   0]
 [  0   0   0  33   0   0  93   6   0   0]
 [  0   0   0  24   0   0  89  16   0   0]
 [  0   0   0  33   0   0 102  13   0   0]
 [  0   0   0  14   0   0  92  11   0   0]
 [  0   0   0  22   0   0  91  12   0   0]]

accuracy	0.09950657894736842
start ecpoch 1 time 09:08:24.591018
[train] Epoch: 2/5 Loss: 2.306313313935932 LR: [4.105320899616017e-06]

confusion matrix
[[  3  37  23 124   1  33  88 122  29   0]
 [  3  45  25 120   3  39 104 120  26   0]
 [  5  47  15 125   1  49 108 123  37   0]
 [  6  38  28 130   1  41 114 146  27   0]
 [  5  45  19 108   3  39 110 107  16   0]
 [  4  38  23 125   2  33 103 128  38   0]
 [  9  42  23 122   4  42 119 122  30   0]
 [  4  45  24 133   1  46 106 131  34   0]
 [  5  38  17 104   3  50 111 109  28   0]
 [  6  43  26 100   1  30  88 113  23   0]]

accuracy	0.10423519736842106
[test] Epoch: 2/5 Loss: 2.311535870558337 LR: [4.105320899616017e-06]

confusion matrix
[[ 0  0 65 37  0  0  0  0  0  0]
 [ 0  0 75 44  0  0  0  0  0  0]
 [ 0  0 85 46  0  0  0  0  0  0]
 [ 0  0 62 45  0  0  0  0  0  0]
 [ 0  0 66 40  0  0  0  0  0  0]
 [ 0  0 82 50  0  0  0  0  0  0]
 [ 0  0 74 55  0  0  0  0  0  0]
 [ 0  0 90 58  0  0  0  0  0  0]
 [ 0  0 74 43  0  0  0  0  0  0]
 [ 0  0 78 47  0  0  0  0  0  0]]

accuracy	0.1069078947368421
start ecpoch 2 time 09:15:59.517318
[train] Epoch: 3/5 Loss: 2.3063380929984545 LR: [4.157981349424026e-06]

confusion matrix
[[  6  23  64 169   5  25  81  60  27   0]
 [  3  15  76 193  13  35  74  50  26   0]
 [  5  20  67 189  14  19  96  71  29   0]
 [  5  15  63 210  17  40  65  77  39   0]
 [  4  18  57 190   6  22  67  57  31   0]
 [  0  20  63 194   9  23  89  67  29   0]
 [  6  20  78 192   8  35  70  66  38   0]
 [  6  22  72 195  15  24  98  58  34   0]
 [  2  18  73 163  17  27  72  54  39   0]
 [  0  17  65 167  13  28  62  60  18   0]]

accuracy	0.1015625
[test] Epoch: 3/5 Loss: 2.3001842592891895 LR: [4.157981349424026e-06]

confusion matrix
[[ 0 39  0  2  0  0 61  0  0  0]
 [ 0 50  0  0  0  0 69  0  0  0]
 [ 0 54  0  0  0  0 77  0  0  0]
 [ 0 45  0  1  0  0 61  0  0  0]
 [ 0 44  0  0  0  0 62  0  0  0]
 [ 0 54  0  2  0  0 76  0  0  0]
 [ 0 59  0  0  0  0 70  0  0  0]
 [ 0 56  0  2  0  0 90  0  0  0]
 [ 0 42  0  0  0  0 75  0  0  0]
 [ 0 51  0  1  0  0 73  0  0  0]]

accuracy	0.09950657894736842
start ecpoch 3 time 09:23:33.851810
[train] Epoch: 4/5 Loss: 2.3033588145320354 LR: [4.210641799232035e-06]

confusion matrix
[[  3  38  55 128   7  54  90  67  18   0]
 [  0  45  71 125   7  64 103  59  11   0]
 [  4  53  78 130  12  60 111  55   7   0]
 [  7  37  83 156  18  62 102  53  13   0]
 [  6  36  56 135  10  55  92  48  14   0]
 [  3  46  66 143  10  56 100  48  22   0]
 [  4  39  76 138   6  53 123  51  23   0]
 [  6  34  69 153  13  56 119  58  16   0]
 [  3  39  51 108   8  63 108  65  20   0]
 [  1  45  63 112  10  59  87  43  10   0]]

accuracy	0.11287006578947369
[test] Epoch: 4/5 Loss: 2.308953996551664 LR: [4.210641799232035e-06]

confusion matrix
[[  0   0   0   3   0  99   0   0   0   0]
 [  0   0   0   0   0 119   0   0   0   0]
 [  0   0   0   0   0 131   0   0   0   0]
 [  0   0   0   1   0 106   0   0   0   0]
 [  0   0   0   0   0 106   0   0   0   0]
 [  0   0   0   0   0 132   0   0   0   0]
 [  0   0   0   0   0 129   0   0   0   0]
 [  0   0   0   3   0 145   0   0   0   0]
 [  0   0   0   0   0 117   0   0   0   0]
 [  0   0   0   0   0 125   0   0   0   0]]

accuracy	0.109375
start ecpoch 4 time 09:31:08.884408
[train] Epoch: 5/5 Loss: 2.3038515728947364 LR: [4.263302249040044e-06]

confusion matrix
[[  9  31  39 115  21  33  99 105   8   0]
 [  7  41  47 158  12  27  98  81  14   0]
 [  9  36  44 144  17  23 104 116  17   0]
 [ 14  40  33 178  32  22  79 119  14   0]
 [  6  33  46 138  21  19  92  79  18   0]
 [  6  45  43 145  14  25  87 109  20   0]
 [ 10  37  53 137  23  22 112  95  24   0]
 [  7  35  51 152  20  40 101 105  12   1]
 [  4  37  32 115  18  32 105 110  12   0]
 [  7  23  42 132  25  18  79  95   9   0]]

accuracy	0.11245888157894737
[test] Epoch: 5/5 Loss: 2.306790514996177 LR: [4.263302249040044e-06]

confusion matrix
[[  0   0   0  73   3   0   8  18   0   0]
 [  0   0   1  83   2   0  18  15   0   0]
 [  0   0   0  97   0   0  19  15   0   0]
 [  0   0   1  84   0   0  15   7   0   0]
 [  0   0   0  81   1   0  13  11   0   0]
 [  0   0   0  89   3   0  16  24   0   0]
 [  0   0   0  93   0   0  21  15   0   0]
 [  0   0   0 105   6   0  18  19   0   0]
 [  0   0   1  76   1   0  21  18   0   0]
 [  0   0   0  99   0   0  13  13   0   0]]

accuracy	0.10279605263157894
