Device being used: cuda
{'train': 4864, 'test': 1216}
4864
start ecpoch 0 time 11:33:03.031253
[train] Epoch: 1/5 Loss: 2.354010136798024 LR: [0.0004052660449808009]

confusion matrix
[[ 44  28  36  80  27  31  72  92  25  18]
 [ 47  39  41  83  26  27  73 104  27  14]
 [ 42  46  34  98  31  30  62 113  32  11]
 [ 38  40  33  91  44  38  74 102  32  19]
 [ 37  39  33  79  21  36  67  89  35  18]
 [ 33  37  39  73  27  40  69 112  35  23]
 [ 23  43  38 104  19  25  71 125  42  31]
 [ 50  37  29 103  19  37  84 104  47  26]
 [ 40  38  31  75  22  30  75  98  40  25]
 [ 34  37  27  83  33  26  55 103  33  16]]

accuracy	0.10279605263157894
[test] Epoch: 1/5 Loss: 2.34710580855608 LR: [0.0004052660449808009]

confusion matrix
[[  0   0   0   0   0   0   0   0 109   0]
 [  0   0   0   0   0   0   0   0 123   0]
 [  0   0   0   0   0   0   2   0 140   0]
 [  0   0   0   0   0   0   0   0 127   0]
 [  0   0   0   0   0   0   0   0 104   0]
 [  0   0   0   0   0   0   2   0 136   0]
 [  0   0   0   0   0   0   1   0 120   0]
 [  0   0   0   0   0   0   2   0 134   0]
 [  0   0   0   0   0   0   0   0 108   0]
 [  0   0   0   0   0   0   0   0 108   0]]

accuracy	0.08963815789473684
start ecpoch 1 time 11:40:44.922195
[train] Epoch: 2/5 Loss: 2.327442745236974 LR: [0.00041053208996160177]

confusion matrix
[[ 29  34  27  66  18  35 109 111  21   3]
 [ 24  37  31  58  22  36 130 114  23   6]
 [ 26  39  34  70  16  49 104 123  31   7]
 [ 30  47  32  72  23  52 108 118  25   4]
 [ 20  30  34  69  17  37  97 119  27   4]
 [ 33  42  28  70  17  38 105 127  26   2]
 [ 26  42  36  74  18  36 113 143  26   7]
 [ 18  43  36  71  30  56 121 126  26   9]
 [ 24  43  42  81  18  39  94 113  16   4]
 [ 17  53  18  65  16  38  94 121  23   2]]

accuracy	0.09950657894736842
[test] Epoch: 2/5 Loss: 2.3254955261945724 LR: [0.00041053208996160177]

confusion matrix
[[  0 109   0   0   0   0   0   0   0   0]
 [  0 123   0   0   0   0   0   0   0   0]
 [  0 142   0   0   0   0   0   0   0   0]
 [  0 127   0   0   0   0   0   0   0   0]
 [  0 104   0   0   0   0   0   0   0   0]
 [  0 138   0   0   0   0   0   0   0   0]
 [  0 121   0   0   0   0   0   0   0   0]
 [  0 136   0   0   0   0   0   0   0   0]
 [  0 108   0   0   0   0   0   0   0   0]
 [  0 108   0   0   0   0   0   0   0   0]]

accuracy	0.10115131578947369
start ecpoch 2 time 11:48:26.610292
[train] Epoch: 3/5 Loss: 2.318892089061831 LR: [0.0004157981349424027]

confusion matrix
[[ 20  59  48  39   5  16  98 126  28  14]
 [ 25  62  59  41   6  26 105 111  33  13]
 [ 28  58  64  50   8  11 125 109  34  12]
 [ 19  52  68  47   5  24 106 142  34  14]
 [ 24  53  63  42   5  14 103 105  35  10]
 [ 34  52  71  35   6  16 113 117  29  15]
 [ 29  72  78  43   7  23 121 106  25  17]
 [ 40  67  69  46   6  22  99 127  44  16]
 [ 22  63  75  30   6  14 108 107  32  17]
 [ 28  47  60  38   6  17  93 118  26  14]]

accuracy	0.10444078947368421
[test] Epoch: 3/5 Loss: 2.306993437440772 LR: [0.0004157981349424027]

confusion matrix
[[  0   0 109   0   0   0   0   0   0   0]
 [  0   0 123   0   0   0   0   0   0   0]
 [  0   0 142   0   0   0   0   0   0   0]
 [  0   0 127   0   0   0   0   0   0   0]
 [  0   0 104   0   0   0   0   0   0   0]
 [  0   0 138   0   0   0   0   0   0   0]
 [  0   0 121   0   0   0   0   0   0   0]
 [  0   0 136   0   0   0   0   0   0   0]
 [  0   0 108   0   0   0   0   0   0   0]
 [  0   0 108   0   0   0   0   0   0   0]]

accuracy	0.11677631578947369
start ecpoch 3 time 11:56:09.691107
[train] Epoch: 4/5 Loss: 2.314501135757095 LR: [0.0004210641799232035]

confusion matrix
[[ 15  11  89  41  37  48  49  91  55  17]
 [ 23   8  87  50  44  45  57 100  45  22]
 [ 29  12  91  51  33  46  59 104  45  29]
 [ 24   9  95  53  36  60  69 114  32  19]
 [ 26   6  72  48  37  56  47 101  42  19]
 [ 21   5  74  54  35  51  72 102  47  27]
 [ 10  14 100  51  35  67  68 116  42  18]
 [ 15  10  96  53  35  58  66 121  54  28]
 [ 20   9  73  50  37  61  56 104  40  24]
 [ 20  11  71  42  45  45  73  90  37  13]]

accuracy	0.10217927631578948
[test] Epoch: 4/5 Loss: 2.3232306006707644 LR: [0.0004210641799232035]

confusion matrix
[[  0   0   0   0   0   0 109   0   0   0]
 [  0   0   0   0   0   0 123   0   0   0]
 [  0   0   0   0   0   0 142   0   0   0]
 [  0   0   0   0   0   0 127   0   0   0]
 [  0   0   0   0   0   0 104   0   0   0]
 [  0   0   0   0   0   0 138   0   0   0]
 [  0   0   0   0   0   0 121   0   0   0]
 [  0   0   0   0   0   0 136   0   0   0]
 [  0   0   0   0   0   0 108   0   0   0]
 [  0   0   0   0   0   0 108   0   0   0]]

accuracy	0.09950657894736842
start ecpoch 4 time 12:03:52.241072
[train] Epoch: 5/5 Loss: 2.311106634767432 LR: [0.00042633022490400443]

confusion matrix
[[ 18  16  31  79  44  31  58 137  21  18]
 [ 20   6  30 100  45  17  77 150  19  17]
 [ 19  13  30  91  45  19  85 163  12  22]
 [ 11  13  25 111  43  20  82 176  14  16]
 [ 31   6  36  88  49  16  66 133  12  17]
 [ 18   9  36  97  56  19  75 150  10  18]
 [ 22   9  27 111  43  24  83 165  12  25]
 [ 23  10  49  96  47  31  76 177   9  18]
 [ 19   6  28  96  51  22  73 146  13  20]
 [ 22  11  27  87  49  17  88 116  13  17]]

accuracy	0.10752467105263158
[test] Epoch: 5/5 Loss: 2.309946684460891 LR: [0.00042633022490400443]

confusion matrix
[[  0   0   0 109   0   0   0   0   0   0]
 [  0   0   0 123   0   0   0   0   0   0]
 [  0   0   0 142   0   0   0   0   0   0]
 [  0   0   0 127   0   0   0   0   0   0]
 [  0   0   0 104   0   0   0   0   0   0]
 [  0   0   0 138   0   0   0   0   0   0]
 [  0   0   0 121   0   0   0   0   0   0]
 [  0   0   0 136   0   0   0   0   0   0]
 [  0   0   0 108   0   0   0   0   0   0]
 [  0   0   0 108   0   0   0   0   0   0]]

accuracy	0.10444078947368421
