Device being used: cuda
{'train': 4864, 'test': 1216}
4864
start ecpoch 0 time 09:38:45.661811
[train] Epoch: 1/5 Loss: 2.3330702495418096 LR: [4.052660449808009e-05]

confusion matrix
[[ 18  54  73  47  25  48  84  75  21   8]
 [ 32  85  69  41  27  40  80  79  20  16]
 [ 28  71  89  41  21  51 102  78  31   5]
 [ 18  72  73  63  35  40  80  85  20  12]
 [ 21  51  59  46  23  56  75  79  24  12]
 [ 29  57  81  65  28  50  74  77  18  15]
 [ 27  67  68  58  36  57  84  87  26   8]
 [ 19  78  93  73  28  44  87  76  23   6]
 [ 30  64  82  39  17  36  80  82  22  15]
 [ 26  64  68  49  34  38  78  73  22   3]]

accuracy	0.10546875
[test] Epoch: 1/5 Loss: 2.3098619023435996 LR: [4.052660449808009e-05]

confusion matrix
[[  0   0   0   0   0 109   0   0   0   0]
 [  0   0   0   0   0 115   0   0   0   0]
 [  0   0   0   0   0 124   0   0   0   0]
 [  0   0   0   0   0 140   0   0   0   0]
 [  0   0   0   0   0 112   0   0   0   0]
 [  0   0   0   0   0 132   0   0   0   0]
 [  0   0   0   0   0 124   0   0   0   0]
 [  0   0   0   0   0 145   0   0   0   0]
 [  0   0   0   0   0 115   0   0   0   0]
 [  0   0   0   0   0 100   0   0   0   0]]

accuracy	0.10855263157894737
start ecpoch 1 time 09:46:17.729516
[train] Epoch: 2/5 Loss: 2.3214258983927336 LR: [4.1053208996160176e-05]

confusion matrix
[[ 13  34  52  70  26  42  56  95  41  24]
 [ 27  32  66  71  33  37  68  95  34  26]
 [ 20  41  76  68  31  41  85 105  30  20]
 [ 28  45  59  64  33  36  63 106  40  24]
 [ 26  46  46  68  35  34  65  78  22  26]
 [ 19  40  66  73  30  38  70  95  37  26]
 [ 27  40  68  68  35  51  66 110  29  24]
 [ 27  31  72  72  31  43  80 118  34  19]
 [ 16  36  63  69  35  28  68 103  26  23]
 [ 28  30  55  73  18  47  72  80  32  20]]

accuracy	0.10032894736842106
[test] Epoch: 2/5 Loss: 2.3066107560145226 LR: [4.1053208996160176e-05]

confusion matrix
[[ 77   0   0   0   0   0   0   0  32   0]
 [ 85   0   0   0   0   0   0   0  30   0]
 [ 99   0   0   0   0   0   0   0  25   0]
 [113   0   0   0   0   0   0   0  27   0]
 [ 90   0   0   0   0   0   0   0  22   0]
 [113   0   0   0   0   0   0   0  19   0]
 [ 89   0   0   0   0   0   0   0  35   0]
 [114   0   0   0   0   0   0   0  31   0]
 [ 64   0   0   0   0   0   0   0  51   0]
 [ 75   0   0   0   0   0   0   0  25   0]]

accuracy	0.10526315789473684
start ecpoch 2 time 09:53:50.788136
[train] Epoch: 3/5 Loss: 2.3174209510417363 LR: [4.157981349424027e-05]

confusion matrix
[[ 36  30  54  85   3  25  71 103  29  17]
 [ 31  29  56  78   6  38  81 104  31  35]
 [ 36  40  47  98   5  40  88 100  29  34]
 [ 44  40  60  75   1  38  71 111  41  17]
 [ 25  41  44  77   3  30  70  98  31  27]
 [ 34  32  63  73   9  34  73 120  37  19]
 [ 38  49  68  68   8  34  82 108  36  27]
 [ 34  33  65  73   2  37  96 121  33  33]
 [ 48  34  45  69   6  32  71 101  33  28]
 [ 36  37  56  68  12  34  74  90  28  20]]

accuracy	0.09868421052631579
[test] Epoch: 3/5 Loss: 2.3108282685279846 LR: [4.157981349424027e-05]

confusion matrix
[[  0   0   0   0   0  40   0  69   0   0]
 [  0   0   0   0   0  42   0  73   0   0]
 [  0   0   0   0   0  43   0  81   0   0]
 [  0   0   0   0   0  37   0 103   0   0]
 [  0   0   0   0   0  29   0  83   0   0]
 [  0   0   0   0   2  44   0  86   0   0]
 [  0   0   0   0   1  45   0  78   0   0]
 [  0   0   0   0   2  48   0  95   0   0]
 [  0   0   0   0   0  53   0  62   0   0]
 [  0   0   0   0   0  29   0  71   0   0]]

accuracy	0.11430921052631579
start ecpoch 3 time 10:01:24.408112
[train] Epoch: 4/5 Loss: 2.3151476745934865 LR: [4.2106417992320355e-05]

confusion matrix
[[ 38  52  55  50  24  30  47  84  51  22]
 [ 32  44  75  52  40  40  51  83  57  15]
 [ 37  55  58  49  47  35  63 107  51  15]
 [ 34  55  63  57  62  40  46  79  44  18]
 [ 22  41  53  65  49  31  42  77  47  19]
 [ 41  54  63  56  33  35  58 100  41  13]
 [ 27  65  71  51  49  53  54  88  49  11]
 [ 36  48  65  57  44  43  75  96  50  13]
 [ 43  41  61  47  44  35  66  74  43  13]
 [ 41  64  48  52  31  32  49  71  53  14]]

accuracy	0.10032894736842106
[test] Epoch: 4/5 Loss: 2.3024041456611535 LR: [4.2106417992320355e-05]

confusion matrix
[[ 0  0 34 47 28  0  0  0  0  0]
 [ 0  0 35 50 30  0  0  0  0  0]
 [ 0  0 38 60 26  0  0  0  0  0]
 [ 0  0 31 74 35  0  0  0  0  0]
 [ 0  0 27 54 31  0  0  0  0  0]
 [ 0  0 40 57 35  0  0  0  0  0]
 [ 0  0 35 60 29  0  0  0  0  0]
 [ 0  0 43 71 31  0  0  0  0  0]
 [ 0  0 52 42 21  0  0  0  0  0]
 [ 0  0 24 48 28  0  0  0  0  0]]

accuracy	0.11759868421052631
start ecpoch 4 time 10:08:58.318977
[train] Epoch: 5/5 Loss: 2.3144231275900413 LR: [4.263302249040044e-05]

confusion matrix
[[ 32  29  82  37  41  11  82  62  43  34]
 [ 23  27  98  47  47  10  84  76  43  34]
 [ 38  38  98  60  35  22  83  66  47  30]
 [ 34  28  96  50  45  17  75  66  50  37]
 [ 21  27  79  52  44  15  89  55  35  29]
 [ 35  23  88  48  44  16  90  70  51  29]
 [ 30  38  95  45  44  23  70  86  49  38]
 [ 41  21 114  56  40  21  83  66  49  36]
 [ 26  24  88  28  39  26  73  81  53  29]
 [ 28  25  92  36  37  22  81  66  39  29]]

accuracy	0.09971217105263158
[test] Epoch: 5/5 Loss: 2.303955743971624 LR: [4.263302249040044e-05]

confusion matrix
[[  0   0   0   0   0   0   0 109   0   0]
 [  0   0   0   0   0   0   0 115   0   0]
 [  0   0   0   0   0   0   0 124   0   0]
 [  0   0   0   0   0   0   0 140   0   0]
 [  0   0   0   0   0   0   0 112   0   0]
 [  0   0   0   0   0   0   0 132   0   0]
 [  0   0   0   0   0   0   0 124   0   0]
 [  0   0   0   0   0   0   0 145   0   0]
 [  0   0   0   0   0   0   0 115   0   0]
 [  0   0   0   0   0   0   0 100   0   0]]

accuracy	0.11924342105263158
