Device being used: cuda
{'train': 4864, 'test': 1216}
4864
start ecpoch 0 time 10:54:37.963651
[train] Epoch: 1/5 Loss: 2.3905145936694585 LR: [2.0263302249040046e-07]

confusion matrix
[[  0   0   0   0   0   0   0 444   0   0]
 [  0   0   0   0   0   0   0 487   0   0]
 [  0   0   0   0   0   0   0 530   0   0]
 [  0   0   0   0   0   0   0 525   0   0]
 [  0   0   0   0   0   0   0 426   0   0]
 [  0   0   0   0   0   0   0 502   0   0]
 [  0   0   0   0   0   0   0 502   0   0]
 [  0   0   0   0   0   0   0 543   0   0]
 [  0   0   0   0   0   0   0 465   0   0]
 [  0   0   0   0   0   0   0 440   0   0]]

accuracy	0.11163651315789473
[test] Epoch: 1/5 Loss: 2.3486542842890086 LR: [2.0263302249040046e-07]

confusion matrix
[[  0   0   0   0   0   0   0 118   0   0]
 [  0   0   0   0   0   0   0 117   0   0]
 [  0   0   0   0   0   0   0 111   0   0]
 [  0   0   0   0   0   0   0 113   0   0]
 [  0   0   0   0   0   0   0 132   0   0]
 [  0   0   0   0   0   0   0 124   0   0]
 [  0   0   0   0   0   0   0 140   0   0]
 [  0   0   0   0   0   0   0 129   0   0]
 [  0   0   0   0   0   0   0 117   0   0]
 [  0   0   0   0   0   0   0 115   0   0]]

accuracy	0.10608552631578948
start ecpoch 1 time 11:02:18.105461
[train] Epoch: 2/5 Loss: 2.3295321994902274 LR: [2.052660449808009e-07]

confusion matrix
[[  0   0   0  56   0   0   0 388   0   0]
 [  0   0   0  59   0   0   0 428   0   0]
 [  0   0   0  68   0   0   0 462   0   0]
 [  0   0   0  65   0   0   0 460   0   0]
 [  0   0   0  49   0   0   0 377   0   0]
 [  0   0   0  77   0   0   0 425   0   0]
 [  0   0   0  60   0   0   0 442   0   0]
 [  0   0   0  87   0   0   0 456   0   0]
 [  0   0   0  49   0   0   0 416   0   0]
 [  0   0   0  51   0   0   0 389   0   0]]

accuracy	0.10711348684210527
[test] Epoch: 2/5 Loss: 2.3181627706477514 LR: [2.052660449808009e-07]

confusion matrix
[[  0   0   0  23   0   0   0  95   0   0]
 [  0   0   0  33   0   0   0  84   0   0]
 [  0   0   0  15   0   0   0  96   0   0]
 [  0   0   0  26   0   0   0  87   0   0]
 [  0   0   0  22   0   0   0 110   0   0]
 [  0   0   0  38   0   0   0  86   0   0]
 [  0   0   0  25   0   0   0 115   0   0]
 [  0   0   0  24   0   0   0 105   0   0]
 [  0   0   0  16   0   0   0 101   0   0]
 [  0   0   0  23   0   0   0  92   0   0]]

accuracy	0.10773026315789473
start ecpoch 2 time 11:09:58.218259
[train] Epoch: 3/5 Loss: 2.308739610212414 LR: [2.0789906747120134e-07]

confusion matrix
[[  0   0   0 127   0   0   0 317   0   0]
 [  0   0   0 139   0   0   0 348   0   0]
 [  0   0   0 158   0   0   0 372   0   0]
 [  0   0   0 178   0   0   0 347   0   0]
 [  0   0   0 121   0   0   0 305   0   0]
 [  0   0   0 165   0   0   0 337   0   0]
 [  0   0   0 164   0   0   0 338   0   0]
 [  0   0   0 168   0   0   0 375   0   0]
 [  0   0   0 128   0   0   0 337   0   0]
 [  0   0   0 118   0   0   0 322   0   0]]

accuracy	0.11369243421052631
[test] Epoch: 3/5 Loss: 2.309272677490586 LR: [2.0789906747120134e-07]

confusion matrix
[[ 0  0  0 37  0  0  0 81  0  0]
 [ 0  0  0 43  0  0  0 74  0  0]
 [ 0  0  0 28  0  0  0 83  0  0]
 [ 0  0  0 42  0  0  0 71  0  0]
 [ 0  0  0 46  0  0  0 86  0  0]
 [ 0  0  0 47  0  0  0 77  0  0]
 [ 0  0  0 42  0  0  0 98  0  0]
 [ 0  0  0 42  0  0  0 87  0  0]
 [ 0  0  0 37  0  0  0 80  0  0]
 [ 0  0  0 36  0  0  0 79  0  0]]

accuracy	0.10608552631578948
start ecpoch 3 time 11:17:38.675657
[train] Epoch: 4/5 Loss: 2.301989156948893 LR: [2.1053208996160178e-07]

confusion matrix
[[  0   0   0 172   0   0   0 272   0   0]
 [  0   0   0 185   0   0   0 302   0   0]
 [  0   0   0 221   0   0   0 309   0   0]
 [  0   0   0 247   0   0   0 278   0   0]
 [  0   0   0 163   0   0   0 263   0   0]
 [  0   0   0 203   0   0   0 299   0   0]
 [  0   0   0 212   0   0   0 290   0   0]
 [  0   0   0 214   0   0   0 329   0   0]
 [  0   0   0 166   0   0   0 299   0   0]
 [  0   0   0 176   0   0   0 264   0   0]]

accuracy	0.11842105263157894
[test] Epoch: 4/5 Loss: 2.306959422795396 LR: [2.1053208996160178e-07]

confusion matrix
[[ 0  0  0 38  0  0  0 80  0  0]
 [ 0  0  0 43  0  0  0 74  0  0]
 [ 0  0  0 29  0  0  0 82  0  0]
 [ 0  0  0 42  0  0  0 71  0  0]
 [ 0  0  0 46  0  0  0 86  0  0]
 [ 0  0  0 47  0  0  0 77  0  0]
 [ 0  0  0 43  0  0  0 97  0  0]
 [ 0  0  0 42  0  0  0 87  0  0]
 [ 0  0  0 36  0  0  0 81  0  0]
 [ 0  0  0 37  0  0  0 78  0  0]]

accuracy	0.10608552631578948
start ecpoch 4 time 11:25:19.652600
[train] Epoch: 5/5 Loss: 2.2998165815676512 LR: [2.1316511245200222e-07]

confusion matrix
[[  0   0   0 172   0   0   0 272   0   0]
 [  0   0   0 176   0   0   0 311   0   0]
 [  0   0   0 210   0   0   0 320   0   0]
 [  0   0   0 231   0   0   0 294   0   0]
 [  0   0   0 156   0   0   0 270   0   0]
 [  0   0   0 196   0   0   0 306   0   0]
 [  0   0   0 201   0   0   0 301   0   0]
 [  0   0   0 200   0   0   0 343   0   0]
 [  0   0   0 164   0   0   0 301   0   0]
 [  0   0   0 157   0   0   0 283   0   0]]

accuracy	0.11800986842105263
[test] Epoch: 5/5 Loss: 2.306722397867002 LR: [2.1316511245200222e-07]

confusion matrix
[[ 0  0  0 41  0  0  0 77  0  0]
 [ 0  0  0 45  0  0  0 72  0  0]
 [ 0  0  0 33  0  0  0 78  0  0]
 [ 0  0  0 47  0  0  0 66  0  0]
 [ 0  0  0 48  0  0  0 84  0  0]
 [ 0  0  0 50  0  0  0 74  0  0]
 [ 0  0  0 47  0  0  0 93  0  0]
 [ 0  0  0 43  0  0  0 86  0  0]
 [ 0  0  0 38  0  0  0 79  0  0]
 [ 0  0  0 38  0  0  0 77  0  0]]

accuracy	0.109375
